greedy_values
1 5 $65  1 1 1 0 0
2 10 $115  1 0 1 1 0 1 0 1 1 1
3 15 $212  0 1 1 1 1 1 1 1 0 0 1 0 0 1 1
4 20 $276  1 1 1 0 1 0 1 1 1 1 0 1 1 0 0 0 1 1 0 1
5 25 $339  0 0 0 1 1 0 1 1 0 1 1 1 1 0 0 1 0 1 1 0 0 0 1 1 1
6 30 $402  1 1 1 0 0 1 0 1 0 1 1 1 1 0 1 1 1 1 0 0 0 1 0 0 1 0 1 0 1 0
7 35 $450  1 1 1 1 1 0 0 1 0 1 0 1 1 0 1 1 1 1 0 1 0 0 1 0 1 0 1 1 1 0 1 0 0 0 0
8 40 $567  1 1 1 1 1 0 0 1 1 1 0 1 1 1 1 0 1 0 0 0 1 1 0 0 0 0 1 0 1 0 1 0 1 1 1 1 1 1 1 0
9 45 $657  1 0 0 1 0 1 1 1 1 0 0 1 1 1 1 1 1 0 1 1 1 1 0 0 0 0 0 1 1 1 1 1 0 0 0 1 1 1 1 0 1 0 1 1 1
10 50 $623  1 1 1 0 1 1 1 1 1 1 1 0 0 1 1 0 1 0 1 0 1 1 1 1 0 0 1 0 0 0 0 1 1 0 1 1 0 1 1 1 1 1 1 0 1 1 1 0 0 1
11 55 $876  0 0 1 1 0 1 1 1 1 0 0 1 1 0 1 1 1 1 1 0 1 1 1 0 1 1 1 1 0 1 1 1 0 0 1 0 1 0 1 1 1 0 0 0 1 0 1 1 0 1 1 1 1 0 1
12 60 $670  1 0 1 1 1 1 0 0 0 0 1 1 0 0 0 1 1 1 0 0 1 1 1 1 1 1 1 0 0 1 0 0 1 1 0 1 1 1 1 1 0 0 1 0 1 1 0 0 1 1 0 0 1 1 0 1 1 1 1 0
13 65 $909  1 1 1 1 0 0 1 1 1 1 1 1 1 1 0 0 1 0 1 0 1 0 0 1 1 1 0 1 1 1 0 0 0 1 1 0 0 1 0 1 0 1 0 0 1 1 1 1 1 1 1 1 1 1 0 1 0 0 0 1 0 1 0 0 1
14 70 $918  1 0 0 1 1 0 1 1 0 1 1 1 0 1 1 1 1 1 1 1 0 1 1 0 0 1 0 0 1 0 1 1 1 0 0 0 1 0 1 1 1 0 0 1 1 1 0 0 1 1 0 0 0 1 1 1 1 0 1 1 1 1 0 1 1 0 1 0 1 0
15 75 $958  0 1 1 1 0 1 0 1 1 0 1 1 1 1 0 1 1 1 1 1 0 1 0 1 0 1 0 0 0 0 0 0 1 1 0 1 0 0 1 1 0 0 0 1 1 1 1 1 1 1 1 1 0 1 1 0 0 1 1 1 1 1 0 1 1 1 0 1 1 0 1 1 1 0 1
16 80 $1002  1 1 0 1 1 1 1 1 1 0 1 1 1 0 1 1 1 1 1 1 1 1 0 1 1 1 1 1 1 1 1 1 0 1 1 1 1 0 1 0 0 1 1 0 1 0 0 0 1 1 1 0 1 1 0 1 1 0 1 0 1 0 0 1 1 1 1 1 0 1 1 0 0 0 0 0 1 1 0 1
17 85 $1066  1 0 1 1 1 1 1 0 0 0 1 1 1 1 1 1 1 0 1 1 1 1 1 0 0 1 1 1 1 1 0 1 0 0 1 0 0 1 1 1 1 1 1 0 1 1 0 1 1 1 1 1 1 1 0 1 1 0 0 1 1 1 1 1 0 1 1 0 1 0 0 1 1 0 1 0 0 1 1 0 1 1 0 1 1
18 90 $1336  1 0 1 1 0 1 0 1 1 0 1 1 0 1 1 1 1 1 0 0 1 1 1 1 0 0 1 0 1 0 1 0 0 1 1 1 1 1 1 1 1 0 0 1 1 1 0 0 1 1 0 1 1 1 0 1 1 0 1 1 1 1 1 1 1 1 1 1 0 1 1 0 1 1 1 1 1 0 0 1 1 0 1 1 1 1 1 0 1 1
19 95 $1275  0 1 0 1 1 0 1 1 0 1 1 1 1 1 1 0 1 1 1 1 1 1 1 1 0 1 1 1 1 0 1 1 1 1 0 1 1 0 0 1 1 0 0 0 1 1 1 0 1 1 1 0 1 1 0 1 1 1 0 0 1 1 1 1 1 0 0 0 1 1 0 1 0 1 0 1 0 0 0 0 0 1 0 1 1 1 1 1 1 1 1 1 1 0 0
20 100 $1526  1 0 0 0 1 1 0 1 1 1 1 1 0 0 0 1 1 1 1 1 1 0 1 1 1 1 1 0 1 0 0 0 1 1 1 0 0 0 1 1 0 1 0 1 0 0 1 1 1 1 1 1 1 1 1 0 0 1 1 0 1 0 1 1 1 1 0 1 0 1 1 1 0 0 1 1 0 0 1 1 1 1 0 1 1 1 0 0 0 0 0 0 1 1 1 0 1 0 0 0
21 105 $1393  1 1 1 1 0 1 1 1 0 0 1 1 0 1 1 1 0 1 0 0 0 0 0 0 0 1 1 1 0 1 1 0 1 0 0 1 1 0 1 1 1 0 0 1 1 1 1 1 0 0 1 1 1 1 1 0 1 1 1 1 1 1 1 1 1 0 1 1 0 0 1 0 1 1 1 1 0 0 0 1 0 1 1 0 1 0 1 1 0 1 0 1 1 0 0 1 1 1 0 1 0 0 0 1 0
22 110 $1610  1 1 1 1 0 1 0 0 1 1 1 1 1 1 1 0 0 1 1 0 1 0 1 0 0 1 1 1 0 1 1 0 1 1 1 1 1 1 0 1 1 1 1 0 1 1 0 1 1 0 1 1 1 1 1 0 0 0 1 1 1 0 1 1 0 1 1 1 1 1 1 1 1 0 1 1 0 1 1 1 1 1 1 1 0 1 0 1 0 0 1 0 1 1 0 0 0 1 1 1 0 1 0 1 1 0 1 1 0 1
23 115 $1547  0 1 1 1 0 1 1 0 1 1 1 1 0 1 1 1 0 1 1 1 0 0 0 1 0 1 1 1 0 1 1 1 1 0 0 1 1 1 1 1 1 0 0 1 1 0 1 1 0 1 1 1 1 1 0 1 1 1 0 1 0 0 1 1 1 1 0 0 1 1 0 1 0 1 1 0 0 0 1 1 1 1 1 0 1 1 1 1 1 0 1 1 1 0 0 0 1 0 1 1 0 0 1 0 0 0 0 0 1 1 0 1 1 1 1
24 120 $1714  1 0 1 1 1 1 1 1 1 0 1 1 0 0 1 1 1 1 1 0 1 1 1 1 1 1 1 0 0 0 0 0 0 1 0 0 0 0 1 0 1 1 0 0 1 1 1 1 1 1 1 1 1 0 0 0 0 1 1 1 1 1 1 1 1 0 1 1 1 1 0 1 1 1 0 1 0 0 1 1 0 1 0 0 1 0 0 1 1 0 0 1 1 1 0 0 0 0 1 1 1 0 1 0 1 0 0 1 1 1 1 0 0 1 1 1 0 1 0 1
25 125 $1699  1 1 1 1 1 0 1 0 1 1 0 1 1 0 1 1 0 1 1 0 1 0 1 1 1 0 0 0 1 1 1 1 1 0 1 0 1 1 1 1 0 0 0 0 1 1 1 1 0 1 1 1 1 1 0 0 1 1 1 1 0 0 1 0 0 1 1 1 1 0 1 0 1 0 1 1 1 1 0 0 1 0 1 1 1 1 0 0 0 0 1 1 1 0 0 1 0 1 0 1 0 1 0 0 0 0 1 0 1 1 1 1 1 0 1 1 1 0 1 1 0 1 0 1 1
26 130 $1820  0 1 1 1 1 0 1 1 0 1 1 0 1 1 1 1 1 0 1 0 0 1 0 0 0 1 1 0 1 1 1 1 1 1 0 0 1 0 1 1 1 1 0 0 1 0 0 1 1 1 1 1 1 1 1 1 1 1 1 0 0 1 1 1 0 0 1 0 0 0 1 0 0 1 0 1 0 1 1 0 1 1 1 0 0 1 1 0 1 1 1 0 0 1 1 0 1 1 1 1 0 1 1 0 1 1 1 1 0 1 1 1 0 1 0 1 0 1 1 0 0 0 1 1 0 1 0 0 1 1
27 135 $1751  1 1 0 1 0 1 1 1 1 1 1 0 1 0 1 1 1 1 0 1 1 0 0 1 1 0 0 0 1 0 1 1 1 0 1 0 1 1 0 1 0 1 1 0 1 0 1 0 1 0 1 1 1 1 1 0 1 0 0 1 1 1 0 0 1 0 1 0 1 1 0 1 0 1 1 1 1 0 0 1 0 1 1 1 1 0 1 1 0 0 0 0 0 1 1 0 1 0 0 1 0 0 0 0 0 1 0 1 1 1 0 1 0 1 0 1 1 1 1 0 0 1 0 0 0 1 1 1 1 1 0 0 1 1 1
28 140 $1960  0 1 1 1 0 1 1 1 1 1 0 1 1 0 0 1 1 1 1 0 0 0 1 0 1 1 0 1 1 0 1 1 1 0 1 1 1 1 1 0 1 1 0 1 0 1 0 1 0 1 1 1 1 0 1 1 1 1 0 1 1 1 0 1 1 1 1 1 1 1 1 0 1 0 1 0 1 0 1 1 1 0 0 0 1 1 1 0 0 1 0 0 1 0 1 1 0 1 0 1 1 0 0 1 1 1 1 1 1 1 1 1 0 0 1 0 0 1 0 1 1 1 0 0 0 0 0 0 1 1 1 0 0 0 1 0 1 0 0 0
29 145 $1932  1 0 0 1 0 1 1 1 1 0 1 0 1 0 1 0 1 1 0 0 1 1 1 1 1 1 0 0 0 0 0 1 1 1 0 0 1 0 1 1 1 1 1 0 1 1 1 1 1 1 1 1 1 1 1 1 1 0 1 1 0 1 1 1 0 1 0 0 0 0 0 1 0 1 0 0 0 0 0 1 1 0 1 1 0 1 0 1 0 0 0 0 1 1 1 1 1 1 0 1 0 0 1 1 1 1 0 1 1 1 0 1 0 1 0 1 1 1 1 0 1 1 0 1 1 0 0 1 1 1 0 0 0 0 1 1 1 0 0 0 0 1 0 0 0
30 150 $2022  1 1 1 0 1 1 0 0 1 0 1 1 1 1 1 0 1 1 0 1 0 1 1 0 0 1 1 0 0 1 0 1 0 0 0 1 1 1 1 0 0 0 1 1 1 1 0 0 1 0 0 0 1 1 1 0 1 1 1 1 1 1 1 0 1 1 0 0 0 0 1 0 0 0 1 1 1 1 1 0 1 0 0 1 1 0 0 1 0 1 1 0 1 1 1 1 1 1 1 1 1 1 0 1 0 1 0 1 1 0 0 0 1 0 1 0 1 0 1 1 1 1 0 1 1 1 1 0 0 0 0 1 0 0 1 0 1 1 1 0 0 1 1 0 1 0 1 1 1 1
31 155 $2059  0 1 1 1 1 0 1 1 1 1 1 1 1 0 1 1 0 1 0 0 0 1 1 1 0 0 0 1 1 1 0 1 1 1 1 1 1 1 1 0 0 1 0 1 0 1 1 1 0 0 1 1 0 1 0 1 1 0 0 0 1 1 0 0 1 1 1 1 1 0 1 0 1 0 1 1 1 1 1 1 1 1 1 1 0 0 0 1 1 0 0 1 1 1 0 0 1 1 1 0 1 1 1 1 0 0 1 1 0 0 1 0 1 0 0 0 0 1 0 1 1 0 0 0 1 0 0 0 0 1 0 0 0 1 0 0 0 1 1 0 0 1 0 0 0 1 0 0 1 1 0 1 0 0 1
32 160 $2142  1 1 1 1 1 0 1 1 1 1 1 1 0 1 0 1 1 1 1 1 0 1 1 0 0 0 0 1 0 1 1 1 1 1 1 1 1 0 0 1 0 1 0 1 0 1 1 0 0 0 1 0 1 1 0 1 1 1 0 1 1 1 0 1 0 0 1 1 1 1 1 1 0 1 0 0 1 0 1 0 0 1 1 0 1 1 1 1 1 1 0 1 1 0 0 1 1 1 1 1 0 0 1 0 1 1 0 1 0 1 0 1 0 1 0 1 1 0 1 1 0 1 1 1 1 1 1 0 0 1 1 1 1 1 0 1 1 1 0 1 1 1 1 0 0 1 0 1 1 0 1 0 1 0 1 1 1 1 0 1
33 165 $2215  0 0 1 1 1 1 1 0 1 1 1 1 1 1 1 1 0 1 1 0 0 0 1 0 1 0 1 1 1 0 0 1 1 1 0 1 1 1 1 1 1 0 1 1 1 1 0 1 0 1 0 1 0 1 1 1 1 0 1 1 1 1 1 0 0 0 1 0 0 0 1 0 1 1 0 0 1 1 1 1 1 0 0 1 1 1 0 1 1 0 0 0 0 0 0 1 1 1 1 0 1 0 1 1 0 0 1 1 0 1 1 0 1 1 1 0 0 0 0 1 1 0 0 0 1 0 1 1 0 0 1 0 1 1 1 0 0 0 1 1 0 0 1 1 0 0 0 1 0 1 1 0 1 1 1 0 0 0 1 0 1 1 1 1 0
34 170 $2158  0 1 1 1 1 1 0 0 1 1 1 1 1 1 0 1 1 0 1 1 1 1 1 1 0 1 1 1 1 1 1 0 1 1 1 1 1 1 1 0 1 0 1 1 1 0 1 1 0 1 1 1 1 0 0 0 1 1 0 1 1 1 0 1 1 1 1 0 1 1 0 0 0 0 0 1 1 1 0 1 1 0 1 0 0 1 0 1 1 1 1 0 1 0 1 0 1 0 0 0 1 1 0 1 1 1 1 1 1 1 1 1 1 1 1 1 1 1 0 1 1 1 0 0 1 0 0 1 0 1 1 1 1 1 0 0 1 0 1 1 0 1 1 1 1 1 0 0 1 1 1 1 0 1 0 1 1 1 0 0 0 1 0 0 1 1 0 0 0 0
35 175 $2410  0 0 1 1 1 0 1 1 1 1 0 1 1 0 1 0 1 1 1 1 0 1 1 1 1 1 1 1 1 1 0 1 1 1 1 1 0 0 0 1 1 1 0 0 1 0 1 1 1 1 1 1 0 1 0 1 1 0 1 1 1 1 0 0 1 1 0 1 1 0 1 1 0 0 0 0 0 0 0 1 1 0 1 1 1 1 0 0 0 0 1 0 1 1 0 0 0 0 1 1 0 0 1 1 1 1 0 0 1 0 0 1 1 1 1 1 0 1 1 0 1 0 0 1 0 1 0 1 0 1 0 0 0 0 1 1 0 0 1 1 1 1 1 1 1 0 1 1 0 0 1 1 0 1 1 0 1 1 0 1 1 0 1 1 1 0 0 1 0 0 1 1 0 1 0
36 180 $2530  0 1 1 0 0 1 1 0 1 1 1 1 1 1 1 1 1 1 1 0 1 1 1 0 1 1 1 0 1 1 1 1 1 1 1 0 1 0 0 0 0 1 1 1 1 0 1 0 0 1 0 1 1 0 0 1 1 1 1 1 0 1 0 1 1 1 1 1 1 1 1 1 1 1 0 1 1 0 1 1 1 1 0 1 0 0 1 0 1 0 0 0 1 1 1 0 0 0 1 1 0 1 1 0 0 1 1 1 0 0 0 0 0 0 1 0 1 0 1 1 1 1 0 0 1 1 1 1 1 0 0 1 1 1 1 1 1 1 1 0 0 1 0 1 1 1 0 0 1 1 1 1 1 1 1 1 1 0 0 1 0 1 0 1 0 0 0 1 0 0 1 1 0 0 0 1 0 1 0 0
37 185 $2316  0 0 0 0 0 1 1 1 0 0 0 1 1 1 1 0 0 0 0 1 1 1 1 1 0 1 0 1 0 1 1 1 0 0 0 0 0 1 1 1 1 0 1 1 1 1 1 0 0 1 1 1 1 1 1 1 0 0 1 0 0 1 0 1 1 0 0 0 0 1 0 1 0 1 1 1 1 1 0 0 0 1 1 0 1 1 1 1 0 0 1 1 0 0 1 1 1 1 1 0 1 0 0 1 0 0 0 0 0 0 1 1 1 1 0 1 0 1 1 1 0 0 0 0 0 0 1 0 0 0 1 0 0 1 0 0 1 1 1 1 0 0 1 1 0 0 1 0 1 1 0 1 1 0 0 1 1 0 0 0 1 1 1 0 1 1 0 1 1 1 0 1 0 1 0 1 0 0 1 1 1 1 1 1 1
38 190 $2953  1 1 1 1 1 1 0 0 1 1 0 1 1 0 1 1 1 0 0 0 1 1 0 1 0 1 0 1 1 0 1 0 0 1 1 1 1 0 0 1 1 1 1 1 1 1 0 0 1 0 1 1 0 1 1 1 1 1 0 1 1 1 1 1 0 1 1 0 1 0 0 1 1 0 0 0 0 1 1 1 1 1 0 1 0 0 1 1 1 1 0 1 0 1 1 1 1 0 1 0 1 1 0 1 0 1 1 1 0 0 0 0 1 0 1 0 1 1 0 0 1 1 1 1 1 1 1 1 1 0 0 0 1 1 0 1 0 0 1 1 1 0 1 1 0 0 0 0 1 0 1 1 1 1 0 1 1 1 0 1 0 1 0 1 0 1 0 1 1 1 1 1 1 0 1 0 0 1 1 1 1 0 0 1 0 1 0 0 1 1
39 195 $2815  1 0 1 1 0 1 0 1 0 1 1 1 1 1 1 1 0 1 1 1 1 1 1 0 1 0 1 1 1 0 1 1 0 1 0 0 1 1 0 1 1 1 1 0 1 0 0 1 0 1 1 0 1 0 1 0 1 0 1 1 1 1 1 1 1 1 1 1 0 1 1 1 1 1 1 1 1 1 1 1 1 1 1 1 0 1 0 1 1 1 1 0 0 1 1 0 1 1 0 0 0 1 0 1 0 1 0 1 1 0 1 0 0 1 0 1 1 0 0 0 1 1 1 1 0 1 1 1 0 0 0 0 0 0 0 1 1 1 0 0 0 0 0 1 1 0 1 1 1 0 0 1 0 0 0 0 0 1 1 1 1 1 1 1 1 1 1 0 1 1 0 1 1 1 1 0 0 1 0 0 0 0 1 1 1 1 1 1 1 0 1 1 0 1 0
40 200 $2677  1 1 1 1 1 1 1 1 0 1 1 1 1 1 0 1 0 0 0 1 0 1 1 1 1 1 0 1 1 1 1 1 0 1 0 0 1 1 1 0 1 0 1 1 1 1 1 0 1 0 1 1 1 1 1 0 0 1 0 1 1 1 1 1 1 1 0 1 0 1 1 0 1 0 0 0 1 0 0 1 1 1 1 1 1 1 1 1 1 1 1 1 1 0 0 0 1 1 1 0 0 1 0 1 0 1 0 0 0 0 1 1 1 1 1 1 1 1 0 0 0 1 0 1 1 1 0 1 0 1 1 1 0 0 1 1 1 0 0 0 1 0 0 0 0 1 1 0 0 1 0 1 0 1 0 0 1 1 1 1 0 0 0 1 0 1 0 1 0 0 1 0 0 1 0 0 1 1 0 0 0 0 0 1 1 1 1 0 0 0 1 1 0 0 1 0 1 1 1 1
41 205 $2808  1 1 1 1 0 0 1 0 1 1 1 1 1 0 1 1 0 1 1 1 1 1 1 1 1 1 0 0 1 1 1 1 0 1 0 1 0 1 0 1 1 1 0 1 1 1 1 1 1 0 1 1 1 0 1 1 1 1 0 0 0 1 1 1 0 0 0 1 1 0 0 0 0 1 1 1 0 1 0 1 1 1 1 1 1 1 0 0 0 1 1 0 1 0 1 0 0 1 0 1 0 0 1 1 1 0 1 0 1 1 1 0 1 0 1 1 1 0 0 0 0 0 0 1 0 0 1 1 1 1 0 1 1 0 0 0 1 0 1 1 1 0 1 1 0 1 1 1 1 0 0 1 0 0 1 0 0 1 0 1 1 1 1 0 0 1 1 0 0 0 0 0 0 1 0 0 1 0 1 0 1 1 0 0 1 0 1 0 0 0 1 1 1 1 1 0 0 0 1 1 1 1 1 1 1
42 210 $3000  1 0 1 1 1 0 0 1 0 1 1 0 1 1 1 1 0 1 0 1 1 0 1 0 0 1 1 0 1 1 0 0 1 1 0 1 1 0 1 1 0 1 1 1 1 1 1 1 0 1 1 1 1 1 1 0 0 0 0 0 0 0 1 1 0 0 1 1 0 1 0 0 1 1 1 1 0 1 1 1 1 1 0 1 1 1 0 1 1 0 1 1 1 0 1 1 0 0 1 0 1 0 1 0 0 1 1 1 1 0 0 1 0 0 1 1 0 0 1 1 1 1 1 1 0 0 1 0 1 1 0 0 1 1 1 0 0 1 0 0 1 0 1 1 1 0 1 0 1 1 0 1 1 1 0 1 1 1 0 1 1 0 1 1 0 1 0 0 1 1 0 1 1 0 0 1 1 1 0 1 1 1 1 0 1 0 0 1 1 1 0 1 0 1 0 0 1 0 1 1 1 1 0 0 0 0 0 0 0 1
43 215 $2967  1 1 1 1 1 0 0 0 1 1 1 1 0 1 0 0 1 0 1 1 1 1 0 1 1 1 1 1 0 1 1 1 1 0 0 0 1 0 1 0 1 1 1 1 0 0 1 1 0 1 1 1 1 1 1 0 1 0 0 0 0 1 0 0 1 1 0 0 1 0 1 1 0 1 1 1 1 1 1 0 0 0 0 1 0 1 1 0 1 1 1 1 1 0 1 0 1 1 1 1 1 1 0 1 1 1 1 1 0 1 1 0 1 0 0 0 1 0 1 1 0 1 1 1 1 1 1 0 0 1 1 0 1 1 1 1 0 0 0 0 0 0 1 0 0 0 0 1 0 0 0 1 0 1 0 1 0 1 1 1 0 1 1 1 1 1 0 0 0 0 1 0 0 1 0 1 0 1 1 1 1 0 0 0 0 1 1 0 1 1 1 0 1 1 1 1 0 1 1 1 0 1 1 0 0 1 1 1 1 1 0 0 1 0 1
44 220 $2835  0 1 0 0 1 0 0 1 1 1 1 0 0 0 1 0 1 1 1 1 0 1 0 1 1 1 1 1 1 0 1 1 0 1 1 0 0 1 1 1 0 0 1 1 1 0 1 1 1 1 1 1 0 0 1 0 1 1 1 1 0 0 0 1 0 0 0 0 1 0 1 0 1 0 0 1 0 1 0 1 0 1 0 0 0 1 1 1 1 0 1 1 1 1 0 1 0 1 0 1 1 1 1 0 1 0 1 0 1 0 1 0 0 1 1 0 1 1 1 1 1 0 0 0 1 1 0 1 1 0 0 0 0 1 1 1 0 0 0 1 0 0 0 0 0 0 0 0 1 0 1 0 0 1 0 0 1 1 0 0 1 1 1 1 1 1 1 0 1 1 1 1 1 1 1 0 0 1 1 0 0 1 1 0 0 0 1 0 0 1 1 0 0 0 0 0 1 1 1 0 1 1 1 0 1 0 1 0 1 1 1 1 1 1 0 1 0 1 0 1
45 225 $2971  1 1 1 0 1 1 0 0 1 1 0 0 0 0 0 0 0 1 0 0 1 0 0 1 0 1 0 1 0 0 0 1 0 1 1 1 1 0 0 1 1 0 0 1 0 0 1 1 1 1 1 1 0 0 0 0 1 1 1 1 0 1 1 1 1 0 0 1 1 0 1 0 1 1 1 1 0 1 0 0 1 0 1 0 1 1 1 1 1 0 1 0 1 1 0 1 1 1 1 0 1 0 1 1 1 0 0 1 1 0 1 1 1 1 0 1 1 1 1 1 1 1 0 0 1 0 0 0 1 0 0 0 0 0 1 0 1 1 1 1 1 1 1 0 0 1 1 1 1 0 1 1 0 1 1 0 0 0 0 1 1 0 1 0 1 0 0 0 0 1 1 0 0 0 0 0 1 0 1 1 0 0 0 1 0 1 1 0 1 0 1 1 0 0 1 1 1 1 1 0 0 0 1 1 1 0 1 1 0 0 0 0 1 0 1 1 0 0 0 0 1 1 1 1 0
46 230 $2996  1 1 0 1 1 1 1 1 0 1 1 1 0 1 0 1 0 1 0 0 0 0 1 1 1 1 0 0 1 1 1 1 1 1 1 1 1 0 0 1 0 1 0 1 1 1 1 1 1 0 1 1 1 1 1 1 1 1 1 1 0 1 0 0 0 1 1 0 0 0 0 0 0 0 1 0 1 0 0 1 0 1 0 1 1 1 1 0 0 0 0 0 0 0 1 1 0 1 1 1 0 0 1 0 0 1 1 1 1 0 0 1 0 1 1 0 1 0 0 1 1 0 1 1 1 1 0 0 0 0 1 1 0 1 0 1 1 0 0 0 1 0 1 1 0 0 0 1 1 1 0 1 0 0 1 0 1 1 0 1 1 1 0 0 0 0 1 1 1 1 0 0 1 0 0 0 1 1 0 0 0 0 1 1 1 0 0 1 0 1 0 0 1 0 1 0 0 1 1 0 1 1 1 1 1 0 1 0 0 0 0 0 0 0 0 0 0 0 1 1 0 1 0 0 0 1 0 1 1 0
47 235 $3101  1 0 0 0 1 1 0 1 1 1 0 1 0 0 1 0 0 1 0 1 0 0 1 0 1 1 1 0 0 1 0 1 0 1 1 0 1 1 1 1 0 0 0 0 0 1 1 0 1 1 1 1 1 1 1 0 0 1 0 1 0 1 1 1 0 1 1 1 1 1 1 0 0 0 1 0 1 1 1 1 0 1 0 1 1 0 1 0 1 1 0 1 1 1 1 1 0 1 0 1 1 0 1 1 1 0 1 1 1 0 0 0 1 0 1 1 1 1 0 1 1 1 1 1 0 1 0 1 0 0 0 1 0 1 1 0 0 1 1 0 1 1 0 0 1 1 0 1 1 1 1 0 1 0 0 1 0 0 1 1 1 0 1 1 1 0 0 1 1 0 0 0 0 0 0 1 0 1 1 1 0 1 0 0 0 1 0 0 1 0 0 0 1 1 1 0 0 0 1 0 0 0 1 1 1 0 0 1 1 0 0 0 0 0 0 0 1 1 1 1 1 1 1 0 1 0 1 1 0 0 1 0 1 0 1
48 240 $3215  0 1 1 1 1 1 1 0 1 1 1 1 1 1 0 0 0 0 1 1 0 1 1 1 1 0 0 1 0 0 1 1 1 1 0 1 0 0 1 1 1 1 1 1 1 1 1 0 0 0 1 0 1 1 0 1 0 1 1 0 1 1 1 0 0 1 0 0 0 0 1 1 1 0 1 0 1 0 0 1 0 1 1 1 0 0 1 1 0 0 1 1 1 1 0 0 1 0 1 1 1 1 0 0 1 0 1 0 1 0 0 0 1 0 0 0 0 0 1 0 1 1 1 0 0 0 1 1 0 0 0 0 1 0 0 1 1 1 0 1 1 1 0 1 0 1 0 0 0 0 0 0 1 0 0 1 0 1 0 0 1 0 0 0 1 1 1 0 1 0 0 1 0 1 0 1 1 0 0 1 0 1 0 0 1 1 1 1 1 1 1 1 1 0 1 1 0 1 0 1 1 1 0 1 1 0 0 0 0 0 0 0 1 1 0 1 1 0 0 0 0 1 1 0 1 1 0 1 0 0 0 1 1 0 1 1 1 1 1 1
49 245 $3205  1 1 0 1 1 1 1 1 1 0 1 1 0 1 0 0 1 0 1 1 1 1 0 1 0 0 0 1 1 0 1 1 0 1 1 1 1 1 0 1 0 0 1 0 1 0 1 1 1 0 0 0 1 1 1 0 1 1 1 0 0 1 1 1 0 1 0 0 1 1 0 0 1 0 0 0 1 0 1 1 1 1 1 0 1 1 1 0 1 1 1 1 0 1 1 0 1 0 0 1 0 1 1 0 1 1 1 1 1 0 0 0 0 1 1 0 0 0 1 1 0 1 1 0 0 1 0 0 0 0 1 1 1 0 1 0 1 1 1 1 1 1 1 1 0 1 1 0 1 1 1 0 1 0 0 1 1 0 0 0 0 1 1 0 0 1 1 1 1 1 1 1 1 0 0 1 0 0 1 1 0 0 1 1 0 0 0 1 1 0 0 0 1 0 0 1 0 1 1 0 1 0 0 1 0 1 1 0 0 0 0 1 0 0 1 1 1 1 0 1 1 1 1 0 0 1 0 0 1 0 1 1 0 0 0 1 0 1 0 0 0 0 1 1 1
50 250 $3295  1 0 1 1 0 1 0 1 1 1 0 0 1 0 0 1 1 1 1 1 0 1 0 1 1 1 1 1 1 1 1 0 1 1 0 1 0 1 0 0 1 1 0 1 0 1 1 0 1 1 1 1 0 0 0 0 0 0 1 1 1 0 1 1 0 1 1 1 0 1 1 0 1 1 1 0 1 1 1 1 0 0 1 0 0 0 0 0 0 0 1 1 1 1 0 0 0 0 1 0 0 1 1 1 0 0 0 1 1 1 0 1 0 1 1 1 1 0 1 1 1 1 1 1 1 0 0 0 0 0 1 1 0 1 0 1 1 1 0 1 0 1 1 1 0 1 0 1 1 0 1 0 1 0 0 1 0 0 0 1 0 1 1 1 1 1 0 0 0 1 0 1 1 0 0 1 0 1 0 0 0 1 0 1 1 0 0 1 1 1 1 1 1 0 1 0 1 1 1 0 1 1 1 1 0 0 0 1 0 1 1 1 1 1 1 0 1 0 1 0 0 0 0 0 1 1 0 0 1 0 1 0 1 0 1 0 0 1 1 1 1 1 1 0 1 0 0 0 1 0
greedy_values: 				TotalTime: 0.034		TotalValue: $86358 
dynamic_programming
1 5 $65  1 1 1 0 0
2 10 $119  1 1 1 0 0 1 0 1 1 1
3 15 $212  0 1 1 1 1 1 1 1 0 0 1 0 0 1 1
4 20 $276  1 1 1 0 1 0 1 1 1 1 0 1 1 0 0 0 1 1 0 1
5 25 $340  0 0 0 1 1 0 1 1 1 1 1 1 1 0 0 1 0 0 1 0 0 0 1 1 1
6 30 $409  1 1 1 0 0 1 1 1 0 1 1 0 1 0 1 1 1 1 1 0 0 1 0 0 1 0 1 0 1 1
7 35 $469  1 1 1 1 1 0 0 1 1 1 0 1 1 1 0 1 1 1 0 0 1 0 1 0 1 0 1 1 0 1 1 0 1 0 0
8 40 $591  0 1 1 1 1 0 0 1 1 1 0 1 1 1 1 0 1 1 1 0 1 1 0 1 0 0 0 0 1 0 0 1 1 1 1 1 1 1 1 1
9 45 $681  1 0 0 1 0 1 1 1 1 1 1 1 1 1 1 1 1 0 1 1 1 1 0 0 0 1 0 1 1 1 1 1 0 0 0 1 1 1 1 1 1 0 0 1 1
10 50 $640  1 1 1 0 1 1 1 1 1 0 1 0 0 1 1 1 1 0 1 0 1 1 1 1 0 1 1 0 0 1 1 1 1 0 1 1 0 1 1 1 1 1 1 0 1 1 1 1 0 1
11 55 $883  0 0 1 1 0 1 1 1 1 0 0 1 1 0 1 1 1 1 1 0 1 1 1 0 1 1 1 1 1 1 1 1 0 0 1 1 0 0 1 1 1 0 0 1 1 1 1 1 1 1 1 1 1 0 1
12 60 $698  1 0 1 1 1 1 0 1 0 1 1 1 0 0 1 1 1 1 0 0 1 1 1 1 1 1 1 0 1 1 0 0 1 1 1 1 1 1 0 1 0 0 1 0 1 0 0 0 1 1 0 0 1 1 1 1 1 1 1 1
13 65 $928  1 1 1 1 1 0 1 1 1 1 1 1 1 1 0 0 1 0 1 0 1 0 0 1 1 0 0 1 1 1 0 1 0 1 1 0 1 1 0 1 1 1 0 0 1 1 1 1 1 0 1 1 1 1 0 1 1 1 0 1 0 1 0 0 1
14 70 $945  1 0 0 1 1 0 1 1 0 1 1 1 1 1 1 1 1 1 1 1 0 1 1 0 1 1 1 1 0 1 1 1 1 0 0 0 1 0 1 1 1 0 0 1 1 1 0 0 1 1 1 0 0 1 1 1 1 0 1 1 1 1 0 0 1 0 1 1 1 1
15 75 $966  0 1 1 1 1 1 1 1 1 0 1 1 1 1 0 1 0 1 1 1 1 1 0 1 0 1 1 0 1 0 0 0 1 1 0 1 0 0 1 1 0 0 0 1 1 1 1 1 1 1 1 1 0 1 1 0 1 1 1 1 1 1 0 1 1 1 0 1 1 0 1 1 1 1 1
16 80 $1040  1 1 1 1 1 1 1 1 1 1 1 1 1 0 1 1 1 1 1 1 1 1 0 1 1 0 1 1 1 1 1 1 1 1 1 1 1 1 1 1 1 1 1 1 1 1 1 1 1 1 1 1 1 1 0 1 1 0 1 1 1 1 1 0 1 0 1 1 0 1 1 1 0 0 0 0 1 1 1 1
17 85 $1077  1 1 1 1 1 1 1 0 0 0 1 1 1 1 1 1 1 0 1 1 1 1 1 1 1 1 1 1 1 1 0 1 0 0 1 0 0 1 1 1 1 1 1 0 1 1 1 1 1 1 1 1 1 1 0 1 1 0 1 1 0 1 1 0 0 1 1 0 1 0 0 1 1 1 1 0 1 1 1 0 1 1 0 1 1
18 90 $1341  1 0 1 1 0 1 1 1 1 0 1 1 0 1 1 1 1 1 1 1 1 1 1 1 0 0 1 0 1 0 1 0 0 1 1 1 1 1 1 1 1 1 0 1 1 1 0 1 1 1 0 1 1 1 0 1 1 0 1 0 1 1 1 1 1 1 1 1 1 1 1 0 1 1 1 1 1 0 0 1 1 0 1 1 1 1 1 0 1 1
19 95 $1292  0 1 0 1 1 0 1 1 0 1 1 1 1 1 1 0 0 1 1 1 1 1 1 0 0 1 1 1 1 1 1 1 1 1 0 1 1 0 0 1 1 0 0 0 1 1 1 0 1 1 1 1 1 1 0 1 1 1 1 0 1 1 1 1 1 1 1 0 1 1 0 1 0 1 0 1 0 1 0 0 0 1 0 1 1 1 1 1 1 1 1 1 1 0 0
20 100 $1593  1 0 0 1 1 1 1 1 1 1 1 1 1 1 0 1 1 1 1 1 1 0 1 1 1 1 1 1 1 0 0 0 1 1 1 0 0 0 1 1 1 1 0 1 1 0 1 1 1 1 0 1 1 1 0 1 1 1 1 1 1 1 1 1 1 1 1 1 0 1 1 1 0 1 1 1 1 0 1 0 1 1 1 1 1 1 0 0 0 0 1 0 1 1 1 1 1 0 1 1
21 105 $1426  1 1 1 1 0 1 1 1 0 0 1 1 0 1 1 1 0 1 0 0 0 0 1 0 1 1 1 1 1 1 1 0 1 0 0 1 1 1 1 1 1 0 0 1 1 1 0 1 1 0 1 1 1 1 1 0 1 1 1 1 1 1 0 1 1 0 1 1 1 0 1 0 1 1 1 1 0 0 0 1 1 1 1 1 1 1 1 1 0 1 0 1 1 1 0 1 1 1 1 1 1 0 0 1 0
22 110 $1638  1 1 1 1 0 1 1 0 1 1 1 1 1 1 1 0 1 1 1 1 1 0 1 1 1 1 1 1 0 1 1 0 1 1 1 1 1 1 0 1 1 0 0 1 1 1 0 1 1 0 1 1 1 1 1 0 0 0 1 1 0 1 1 1 1 1 1 1 1 1 1 1 1 0 1 1 0 1 1 1 1 1 1 1 1 1 1 1 0 1 1 0 1 1 0 0 0 1 1 1 0 1 0 1 1 0 1 1 1 1
23 115 $1590  1 1 1 1 1 1 1 1 1 1 1 1 0 1 1 1 0 1 1 1 1 1 0 1 0 1 1 1 0 1 1 1 0 0 0 1 1 1 1 1 1 0 0 1 1 1 1 1 1 1 1 1 1 1 0 1 1 1 1 1 0 1 1 1 1 1 0 1 1 1 0 1 0 1 0 0 0 0 1 1 1 1 0 0 1 1 1 1 1 1 1 0 1 0 1 0 1 0 1 1 0 0 1 0 0 0 0 1 1 1 0 1 1 1 1
24 120 $1745  1 0 1 1 1 1 1 1 1 0 1 1 1 0 1 1 1 1 1 0 1 1 1 1 1 1 1 0 0 0 0 0 0 1 0 0 1 0 1 0 1 1 1 0 1 1 1 0 1 1 1 1 1 0 1 1 1 1 1 1 1 1 1 1 1 0 1 1 0 1 0 1 1 1 1 1 0 1 1 1 0 1 0 1 1 1 1 1 1 1 0 1 1 1 0 1 0 1 1 1 1 0 1 0 1 1 1 1 1 1 1 0 0 1 1 1 1 1 0 1
25 125 $1759  1 1 1 1 1 0 1 1 1 1 1 1 1 0 1 1 1 1 1 0 1 0 1 1 1 0 0 0 1 1 1 1 1 0 1 1 1 1 1 1 1 1 0 1 1 0 1 1 0 1 1 1 1 1 1 0 1 1 1 1 0 1 1 0 0 1 1 1 1 0 1 0 1 1 1 1 1 1 0 0 1 0 1 1 1 0 0 1 0 0 1 0 1 0 0 1 0 1 1 1 1 1 1 0 1 0 1 1 0 1 1 1 1 1 1 1 1 1 1 1 0 1 1 1 1
26 130 $1839  0 1 1 1 1 1 1 1 0 1 1 0 1 1 1 1 1 0 1 0 0 1 0 1 0 1 1 0 1 1 1 1 1 1 0 1 1 0 1 1 1 1 1 1 1 0 0 1 1 1 1 1 1 1 1 1 1 1 1 0 0 1 1 1 1 1 1 1 0 0 1 1 0 1 0 1 0 1 1 0 1 1 1 1 1 0 1 0 1 1 0 0 0 1 1 0 1 1 1 1 1 1 1 0 1 1 1 1 0 1 1 1 0 1 1 1 0 1 1 0 0 0 1 1 0 1 1 0 1 1
27 135 $1800  0 1 0 1 0 1 1 1 1 1 1 0 1 1 1 1 1 1 0 1 1 0 0 1 1 0 0 1 1 0 1 0 1 0 1 0 1 1 0 1 0 1 1 0 1 0 1 1 1 1 1 1 1 1 1 0 1 0 0 1 1 1 1 0 1 1 1 1 1 1 1 1 0 1 1 1 1 1 1 1 1 1 1 1 0 0 1 1 0 0 1 1 0 1 1 0 1 0 0 1 0 0 0 0 0 1 0 1 1 1 0 1 1 1 1 1 1 1 1 0 0 1 0 0 1 1 1 0 1 1 1 1 1 1 1
28 140 $2031  0 1 1 1 0 1 1 1 1 1 1 1 1 0 0 1 1 1 0 0 0 1 1 0 1 1 1 1 1 0 1 1 1 0 1 1 1 1 1 0 1 1 0 1 1 1 0 1 0 1 1 1 1 0 1 1 1 1 0 1 1 1 1 1 1 0 1 1 1 1 1 1 1 1 1 0 1 0 1 1 1 1 0 0 1 1 1 0 1 1 1 1 1 1 1 1 1 1 0 1 1 0 1 1 1 1 1 1 1 1 1 1 1 0 1 1 0 1 1 1 1 1 0 1 1 1 0 0 1 1 0 0 1 0 1 1 1 0 1 0
29 145 $2007  1 1 1 1 0 1 1 1 1 0 1 0 1 0 1 1 1 1 0 0 1 1 1 1 1 1 1 0 1 1 0 1 1 1 0 0 1 0 0 1 1 0 1 0 1 1 1 1 1 1 1 1 1 1 1 1 1 1 1 0 1 1 1 0 1 1 0 0 0 1 1 1 0 1 1 1 1 0 1 1 1 1 1 1 1 1 0 1 1 0 0 0 1 1 1 1 1 1 0 1 0 1 1 1 1 1 1 1 1 1 1 1 1 1 0 1 1 1 1 0 1 1 1 1 1 1 1 1 1 1 0 0 1 0 1 1 0 0 0 0 1 1 0 0 1
30 150 $2068  1 1 1 1 1 1 0 1 1 1 1 1 1 1 1 0 1 1 1 1 0 1 1 0 0 1 1 0 0 1 0 0 1 0 0 1 1 1 1 0 0 1 1 1 1 1 0 1 0 0 0 0 1 1 1 0 1 1 1 1 1 1 1 1 1 1 0 0 0 0 1 0 1 0 1 1 1 1 1 0 1 1 1 1 1 0 1 1 0 1 1 0 1 1 1 1 1 1 1 1 1 1 0 1 0 0 1 1 1 0 1 0 1 1 1 1 1 0 1 1 1 1 0 1 1 1 1 1 0 1 0 1 0 0 1 1 1 1 1 0 0 1 1 1 1 0 1 1 1 0
31 155 $2147  1 1 1 1 1 0 1 1 1 0 0 0 1 0 1 1 0 1 0 1 0 1 1 1 0 1 0 1 1 1 0 1 1 1 1 1 1 1 1 1 0 1 1 1 0 1 1 1 1 1 1 0 0 1 1 1 1 0 1 0 1 1 0 1 1 1 1 1 1 0 1 0 1 1 1 1 1 1 1 1 1 1 1 1 0 1 1 1 1 0 0 1 1 1 0 0 1 1 1 1 1 0 1 1 1 0 0 1 0 0 1 0 1 1 1 1 0 1 0 1 1 1 0 1 1 0 1 1 0 1 0 0 0 1 0 0 1 1 1 1 1 1 0 1 0 1 0 0 1 1 0 1 0 0 1
32 160 $2200  1 1 1 1 1 0 1 1 1 1 1 1 0 1 0 1 1 1 1 1 0 1 1 1 0 1 0 1 0 1 1 1 1 1 1 1 1 0 0 1 0 1 0 1 0 1 1 1 0 0 1 0 1 1 0 1 1 1 0 1 1 1 0 1 1 1 1 1 1 1 1 1 1 0 1 1 1 1 1 1 1 0 1 1 1 1 1 1 1 1 1 1 1 0 1 1 1 1 1 1 1 1 1 0 1 1 1 1 0 1 0 1 0 1 1 1 1 1 1 1 0 1 1 1 1 1 1 1 0 1 0 1 1 1 0 1 1 1 0 1 1 1 1 1 1 1 0 1 1 1 0 1 1 0 1 1 1 1 0 1
33 165 $2294  0 0 1 0 1 1 1 0 1 1 1 0 1 1 1 1 1 1 1 0 0 0 1 1 1 0 1 1 1 0 1 1 1 0 1 1 1 1 1 1 1 1 1 1 1 1 1 1 0 1 0 1 1 1 1 1 1 0 1 1 1 1 1 1 1 0 1 1 1 0 1 1 1 1 0 0 1 1 1 1 1 0 0 1 1 1 0 1 1 1 0 0 1 0 0 1 1 1 1 0 1 1 1 1 0 1 1 1 1 1 1 1 1 1 1 1 0 0 0 1 1 0 0 1 0 0 1 1 1 1 1 1 1 1 1 0 1 1 0 1 0 1 1 1 1 0 0 1 0 1 1 1 1 1 1 0 1 1 1 1 0 1 1 1 0
34 170 $2193  1 1 1 1 1 1 0 1 1 1 1 1 1 0 0 1 1 0 1 1 1 1 1 1 0 1 1 1 1 1 1 1 1 1 1 1 1 1 1 0 1 1 1 1 1 0 1 1 0 1 1 0 1 1 1 0 1 1 0 1 1 1 0 1 1 1 1 0 1 1 1 1 0 1 1 1 1 1 1 1 1 0 1 0 0 0 0 1 1 1 1 0 1 1 1 1 1 0 0 1 1 1 0 1 1 1 1 1 1 1 1 1 1 1 1 1 1 1 0 1 1 0 0 1 1 1 0 1 1 1 1 1 1 1 1 1 1 0 1 1 0 1 1 1 1 1 0 1 1 1 1 1 0 1 1 1 1 1 0 1 1 1 0 0 1 1 0 1 0 1
35 175 $2521  1 1 1 1 1 1 1 1 1 1 0 1 1 1 1 1 0 1 1 1 0 1 1 1 1 1 1 0 1 1 0 1 1 1 1 1 1 0 0 1 1 1 0 0 1 0 1 1 1 1 1 1 0 1 1 1 0 0 1 1 1 1 0 0 1 1 0 1 1 1 1 1 0 0 0 0 1 0 0 1 1 1 1 1 1 1 1 0 1 0 1 1 1 1 1 1 0 1 1 1 1 0 0 1 1 0 0 0 1 0 1 1 1 1 1 1 1 1 1 1 1 1 0 1 1 1 0 1 0 1 0 0 0 1 1 1 0 1 1 1 1 1 1 1 1 0 1 1 1 1 1 1 1 1 1 0 1 1 1 1 1 1 1 1 1 1 0 1 0 0 1 1 0 1 0
36 180 $2627  0 1 1 0 0 1 1 1 1 1 1 1 1 1 1 1 1 1 1 1 1 1 1 0 1 1 1 0 1 1 1 1 1 1 1 0 1 1 0 1 1 1 1 1 1 0 1 1 1 1 1 1 1 1 1 1 1 1 1 1 1 1 0 1 0 1 1 1 1 1 1 1 1 0 1 1 1 0 1 1 1 1 0 1 0 0 1 0 1 1 0 1 1 1 1 1 1 1 1 1 1 1 1 1 1 1 1 1 0 0 0 1 0 0 1 0 1 0 1 1 1 1 0 1 0 1 1 1 1 0 0 1 1 1 1 1 1 1 1 1 1 1 0 1 1 1 0 1 1 1 1 1 0 1 1 1 1 0 0 1 0 1 1 1 0 1 1 1 0 1 1 1 0 0 0 1 0 1 0 1
37 185 $2441  0 1 0 0 1 1 1 1 1 0 0 1 1 1 1 1 0 0 1 1 1 1 1 1 0 1 1 1 0 1 1 1 1 1 0 1 0 1 1 1 1 0 0 1 1 1 1 1 0 1 1 1 1 1 1 1 0 0 1 0 1 1 0 1 1 0 1 1 1 1 1 1 0 1 1 1 1 0 0 1 0 1 1 0 1 1 1 1 1 0 1 1 1 1 0 0 1 1 1 0 1 1 0 1 0 0 0 1 0 0 0 1 1 1 1 1 0 0 1 1 1 0 1 0 0 0 1 0 0 1 1 0 1 1 0 0 1 1 1 1 1 1 1 1 1 0 1 1 1 1 0 1 1 0 1 1 1 1 0 0 1 1 1 1 1 1 1 1 1 1 0 1 1 1 0 1 0 0 1 1 1 1 1 1 1
38 190 $3024  1 1 1 1 1 1 0 0 1 1 0 1 1 0 1 1 1 1 1 0 1 1 0 1 0 1 1 1 1 1 1 1 0 1 1 0 1 0 0 1 1 1 1 1 1 1 0 0 1 1 1 0 0 1 1 1 1 1 1 1 1 1 1 1 0 1 1 0 1 0 1 1 1 1 0 0 0 1 1 1 1 1 1 1 0 0 1 1 1 1 1 1 1 1 1 1 1 1 1 0 1 1 0 1 0 1 1 1 0 0 1 0 1 0 1 1 1 1 0 0 1 1 1 1 1 1 1 1 1 1 1 1 1 1 1 1 1 0 1 1 1 1 1 1 0 1 0 0 1 1 1 1 0 1 1 1 1 1 0 1 1 1 0 0 0 1 0 1 1 1 1 1 1 0 1 0 0 1 1 1 1 0 1 1 1 1 1 1 1 1
39 195 $2862  1 1 1 1 0 1 0 1 0 1 1 1 1 1 1 1 1 1 1 1 1 1 1 0 1 1 1 1 1 1 1 1 0 1 0 0 1 1 0 1 1 1 0 0 1 0 0 1 0 1 1 0 1 0 1 0 1 0 1 1 1 1 1 1 1 1 1 1 1 1 1 1 1 1 1 1 1 1 1 1 0 1 1 1 0 1 0 1 1 1 1 1 0 1 1 0 1 1 1 0 1 1 0 1 0 1 1 1 1 0 1 0 1 1 1 1 1 0 0 0 0 1 1 1 0 1 1 1 0 0 0 0 0 0 1 1 0 1 0 1 1 0 1 1 1 1 1 1 1 0 0 1 0 0 1 0 1 1 1 1 1 1 1 1 1 1 1 1 1 1 1 1 1 1 1 1 0 0 1 0 0 1 1 1 1 1 1 1 1 0 1 1 0 1 1
40 200 $2750  1 1 1 1 1 1 1 0 1 1 1 1 1 1 0 1 0 1 0 1 0 1 1 1 1 1 0 1 1 1 1 1 0 1 0 0 1 1 1 0 1 1 1 1 1 1 1 0 1 1 1 1 0 1 1 0 1 1 0 0 1 1 1 1 1 1 0 1 0 1 1 0 1 1 1 0 1 1 0 1 1 1 1 1 1 1 1 0 1 1 1 1 1 1 0 0 1 1 1 0 1 1 1 1 0 1 0 0 1 0 1 1 1 1 1 1 1 1 1 0 1 1 0 1 1 1 0 1 0 1 1 1 1 1 0 1 1 0 0 1 1 1 0 0 1 0 1 0 0 1 0 1 0 1 0 1 1 1 1 1 1 1 1 1 0 1 1 1 1 0 1 1 1 1 0 0 1 1 0 0 0 1 1 1 1 1 1 0 0 1 1 1 1 1 1 1 1 1 1 1
41 205 $2909  1 1 1 1 0 1 1 1 1 1 1 1 1 0 1 1 0 1 1 1 1 1 1 0 1 1 0 1 0 1 1 1 0 1 1 1 1 1 1 1 1 1 0 1 1 1 1 1 1 1 1 1 1 1 1 1 1 0 1 0 0 1 1 1 0 0 1 1 1 0 0 1 0 1 1 1 0 1 0 1 1 1 1 1 1 1 0 0 0 1 1 1 1 0 1 0 0 1 0 1 0 0 0 1 1 0 1 1 1 1 1 1 1 1 1 1 1 1 0 0 0 0 1 1 0 0 1 1 1 1 0 1 1 1 1 1 1 0 1 1 1 0 1 1 1 1 1 1 1 0 0 1 0 1 1 1 1 1 1 1 1 1 1 1 0 1 1 0 1 0 0 1 1 1 0 0 1 0 1 0 1 1 0 0 1 0 1 0 0 1 1 1 1 1 1 0 0 1 1 1 1 1 1 1 1
42 210 $3066  1 1 1 1 1 1 0 1 0 1 1 0 1 1 1 1 1 1 1 1 1 1 1 0 0 1 1 0 1 1 1 0 1 1 0 1 1 1 1 1 0 1 1 1 1 1 1 1 0 1 1 1 1 0 1 1 1 1 0 1 0 0 1 1 0 1 1 1 1 1 1 1 1 1 1 1 0 1 1 1 1 1 0 1 1 1 0 1 1 0 1 1 1 1 1 1 1 1 1 0 1 1 1 1 1 1 1 1 1 1 1 1 0 1 1 1 1 0 1 0 1 1 1 1 1 0 1 0 1 1 1 1 0 1 1 0 1 1 0 0 1 0 1 1 1 1 1 0 0 1 1 1 1 1 0 1 0 1 1 1 1 0 1 1 0 1 1 0 1 1 0 1 1 1 1 1 1 1 0 1 1 1 1 0 1 1 0 1 0 1 1 1 1 1 1 1 1 1 1 1 1 1 1 1 0 1 0 1 0 1
43 215 $3100  1 1 1 1 1 1 0 0 1 1 1 1 1 1 1 0 1 0 1 1 1 1 0 1 1 1 1 1 0 1 1 1 1 0 1 0 1 1 1 0 1 1 1 1 0 0 1 1 1 1 1 1 1 1 1 1 1 1 0 1 0 1 0 1 1 1 1 0 1 0 1 1 0 1 1 1 1 1 1 1 1 1 0 1 1 1 1 1 1 1 1 1 1 1 1 0 1 1 1 1 1 1 0 1 1 0 1 1 0 1 1 1 1 1 1 0 1 1 1 1 1 0 1 1 1 1 1 0 0 1 1 0 1 1 1 1 1 0 0 0 1 1 1 0 0 1 1 1 1 1 1 1 0 0 0 1 1 1 1 1 0 1 1 1 1 1 0 1 0 1 1 0 1 1 1 1 0 1 1 1 1 0 0 1 0 1 1 1 1 1 0 1 1 1 1 1 1 1 1 1 0 1 1 1 1 1 1 1 1 1 1 1 1 0 1
44 220 $3017  1 1 0 1 1 0 1 1 1 1 1 0 0 0 1 1 1 1 0 1 1 1 1 1 1 1 1 0 1 0 1 0 0 1 1 1 1 1 1 1 0 0 1 1 1 1 1 1 1 1 1 1 1 0 1 1 1 1 1 1 0 1 1 1 1 1 0 1 1 0 1 0 1 0 0 1 1 1 0 1 1 1 0 1 0 1 1 0 1 1 1 1 1 1 1 1 0 1 1 1 1 1 1 1 1 1 1 1 1 0 0 0 0 1 1 0 1 1 0 1 1 0 0 1 1 1 0 1 1 0 1 1 1 1 1 1 1 0 1 1 0 0 1 1 0 0 1 0 1 0 1 0 1 1 1 1 1 1 0 0 1 1 1 1 1 1 1 0 1 1 1 1 1 1 1 0 1 1 1 1 1 1 1 0 1 0 1 0 0 1 1 1 1 1 0 0 1 1 1 0 1 1 1 0 0 0 1 0 1 1 1 1 1 1 1 1 1 1 0 1
45 225 $3069  1 1 1 0 1 1 0 1 1 1 1 0 0 0 1 0 1 0 0 0 1 0 0 1 0 0 0 1 0 0 0 1 0 1 1 1 1 0 0 1 0 1 1 1 0 0 1 1 1 1 1 1 1 1 0 1 1 1 1 1 0 1 1 1 1 1 0 1 1 0 1 1 0 1 1 1 0 1 0 1 1 1 1 0 1 1 1 0 1 1 1 0 1 1 0 1 1 1 1 1 1 0 1 1 1 0 1 1 1 0 1 1 1 1 1 1 1 1 1 1 1 1 0 1 1 0 0 1 1 0 1 0 0 1 1 1 0 1 1 1 1 1 1 1 0 1 1 1 1 0 1 1 0 1 1 1 1 1 1 1 1 1 1 1 1 0 1 1 0 1 1 0 0 0 1 1 1 0 1 1 0 0 1 1 0 1 1 0 1 0 1 1 1 1 1 1 1 1 1 0 0 0 1 1 1 1 1 1 1 0 0 0 1 1 1 1 0 1 1 1 1 1 1 1 1
46 230 $3142  1 1 0 1 1 1 1 1 1 1 0 1 1 1 0 1 0 1 0 0 1 0 1 1 1 1 0 0 1 1 1 1 1 1 1 1 1 1 0 0 1 1 0 1 1 1 1 1 1 0 1 1 1 1 1 1 1 1 1 1 0 1 1 0 0 0 1 0 0 1 1 0 0 1 1 0 1 1 0 0 1 1 1 1 1 1 0 0 1 1 0 0 0 1 1 1 1 1 1 1 1 0 1 0 1 1 0 1 1 0 0 1 1 1 1 1 1 0 0 1 1 0 1 1 1 1 0 1 0 1 1 1 1 1 1 1 1 0 1 1 1 1 1 1 0 0 0 1 1 1 1 1 1 0 1 0 1 1 1 1 1 1 0 1 1 1 1 1 1 1 0 0 1 0 0 1 1 1 0 1 0 0 1 1 1 0 0 1 1 1 0 1 1 1 0 1 1 1 1 1 1 1 1 1 1 1 1 0 1 0 0 1 0 0 0 0 0 0 1 1 0 1 0 1 1 1 1 1 1 1
47 235 $3216  1 0 0 0 1 1 1 1 1 1 0 1 0 0 1 1 0 1 0 1 0 0 1 1 1 1 1 0 0 1 0 1 0 1 1 0 1 1 1 1 0 0 0 0 0 1 1 0 0 1 1 1 1 1 1 1 1 1 1 1 0 1 1 1 0 1 1 1 1 1 1 0 0 0 1 0 1 1 1 0 1 1 1 1 1 1 1 1 1 1 1 1 1 0 1 1 0 1 0 1 1 1 1 1 1 1 1 1 1 1 1 0 1 0 1 1 1 1 1 1 1 1 1 1 1 1 1 1 0 1 1 1 1 1 1 0 1 0 1 0 1 1 0 0 1 1 0 1 1 0 1 0 1 1 0 1 1 0 1 1 1 0 1 1 1 1 0 1 1 0 0 0 0 1 1 1 0 1 0 1 0 1 1 1 0 1 1 1 1 0 1 1 1 1 1 1 0 0 1 0 1 0 1 1 1 1 1 0 1 0 0 0 0 1 1 1 1 1 1 1 1 0 1 1 1 0 1 1 1 1 1 0 1 1 1
48 240 $3359  0 0 1 1 1 1 1 0 1 0 1 1 1 1 0 1 0 0 1 1 0 1 1 1 1 1 1 1 0 0 1 0 1 1 0 1 1 0 1 1 1 0 1 1 1 1 1 1 1 1 1 0 1 1 0 1 0 1 1 0 1 0 1 0 1 1 0 0 0 0 1 1 1 0 1 1 1 1 1 1 0 1 1 1 0 1 1 1 0 1 1 1 1 1 1 0 1 0 1 1 1 1 0 0 1 1 1 1 1 1 0 1 1 0 0 1 1 0 1 1 1 1 1 0 0 1 0 1 0 0 0 0 1 1 0 1 1 1 0 1 1 1 0 1 1 1 1 0 0 1 0 1 1 1 1 1 1 1 1 1 1 1 1 0 1 1 1 0 1 0 0 1 0 1 1 1 1 0 0 1 1 1 1 1 1 1 0 1 1 1 1 1 1 0 1 1 1 1 0 1 1 1 0 1 1 1 0 1 1 1 1 1 1 1 0 1 1 0 0 1 1 1 1 1 1 1 1 1 1 0 0 1 1 1 1 1 1 1 1 1
49 245 $3295  1 1 0 1 1 1 1 1 1 1 1 0 0 1 1 0 1 0 1 1 1 1 0 1 0 0 0 1 1 0 1 1 0 1 1 0 1 1 0 1 0 0 1 0 1 0 1 1 1 1 0 0 1 1 1 0 1 1 1 0 1 1 1 1 0 1 0 0 1 1 0 0 1 0 1 0 1 1 1 1 1 1 1 0 1 1 1 0 1 1 1 1 0 1 1 0 1 0 0 1 0 1 1 0 1 1 1 1 1 1 1 0 1 1 1 0 1 0 1 1 1 1 1 1 0 1 0 1 1 0 1 1 1 1 1 1 1 1 1 1 1 1 1 1 1 1 1 0 1 1 1 1 1 1 1 1 0 0 1 0 1 1 1 0 0 0 1 1 1 1 0 0 1 1 1 1 1 1 1 1 1 0 1 1 0 1 1 1 1 0 1 0 1 0 0 1 0 1 1 0 1 1 0 1 1 1 1 1 1 1 1 1 1 0 1 1 1 1 1 1 1 1 1 0 0 1 1 0 1 1 1 1 0 0 1 1 1 1 0 0 0 1 1 1 1
50 250 $3388  1 0 1 1 1 1 1 1 1 1 1 0 1 1 0 1 1 1 1 1 1 1 0 1 1 1 1 1 1 1 1 0 1 1 0 1 1 1 0 1 1 0 1 1 0 1 1 1 1 1 1 1 0 0 0 0 0 0 1 1 1 1 1 1 1 1 1 1 0 1 1 0 1 1 1 0 1 1 1 1 0 0 1 0 1 1 0 0 1 0 1 1 1 1 0 1 0 1 1 0 0 1 1 1 0 0 0 0 1 1 0 1 0 1 1 1 1 1 1 1 1 1 1 1 1 0 0 0 0 1 1 1 0 1 1 1 1 1 0 1 0 0 1 0 1 0 1 1 1 0 1 0 1 1 0 1 1 0 1 1 0 1 1 1 1 1 0 0 1 1 1 1 1 0 0 1 1 1 0 0 1 1 0 1 1 1 0 1 1 1 1 1 1 1 1 1 1 1 1 1 0 1 1 1 0 1 1 1 0 1 1 1 1 1 1 0 1 1 1 0 1 1 1 1 1 1 0 0 1 0 1 1 1 0 1 0 1 1 0 1 1 1 1 1 1 0 1 1 1 0
dynamic_programming: 				TotalTime: 24.7036		TotalValue: $89088 
genetic_algorithm
1 5 $65  0 0 0 1 0
2 10 $119  1 1 1 0 0 1 0 1 1 0
3 15 $195  0 1 1 1 1 1 1 1 1 0 0 0 0 1 1
4 20 $262  1 1 1 0 1 1 1 1 1 1 0 1 1 0 0 0 1 0 0 1
5 25 $282  1 1 0 1 0 0 1 1 0 1 1 0 1 0 0 1 0 0 1 1 0 0 1 1 0
6 30 $353  1 1 1 1 0 1 0 0 0 1 1 1 0 0 0 1 1 1 1 1 0 1 0 0 1 0 1 0 0 1
7 35 $387  1 1 1 0 0 0 1 1 0 1 0 1 1 1 0 0 1 1 0 1 1 0 0 1 1 1 1 1 0 1 0 0 0 0 0
8 40 $513  0 1 1 1 1 0 0 1 1 1 1 0 1 1 1 0 1 0 1 0 1 0 0 1 1 1 0 1 1 0 0 1 0 1 0 0 1 1 1 1
9 45 $530  1 1 0 1 0 1 1 0 0 0 1 1 1 1 0 1 1 1 1 0 1 1 1 0 1 0 0 1 1 1 1 0 0 0 1 1 1 0 0 0 1 1 0 1 1
10 50 $500  0 0 1 0 1 1 1 1 0 1 1 1 1 1 1 0 0 0 1 1 1 0 0 1 0 1 1 0 1 0 0 0 1 0 1 1 0 1 1 1 1 1 1 1 1 1 1 0 1 0
11 55 $671  0 1 1 1 0 0 0 1 1 0 1 1 0 1 1 1 1 1 1 0 0 1 0 1 1 1 0 0 1 1 1 1 0 0 0 1 1 1 0 0 1 0 0 1 1 1 1 1 1 1 0 1 1 1 0
12 60 $521  0 1 0 1 0 1 1 1 1 1 1 0 0 1 0 0 1 0 0 1 1 1 1 1 1 0 1 1 0 1 1 0 1 1 1 1 0 1 0 0 1 0 0 0 1 0 1 0 0 1 1 0 1 1 1 1 1 1 1 0
13 65 $697  0 1 0 1 1 1 1 0 1 1 1 1 1 0 1 1 1 1 1 0 1 1 1 1 1 0 1 1 0 1 0 0 1 1 1 1 0 1 0 1 1 1 0 0 1 1 1 0 0 1 0 0 0 1 0 1 0 1 0 0 1 0 1 0 0
14 70 $706  1 0 0 1 1 0 0 0 1 0 1 1 1 1 0 0 1 0 0 1 1 1 1 0 1 1 0 1 0 1 1 0 1 1 1 1 1 0 0 0 1 0 0 1 1 1 0 1 1 1 1 0 1 1 1 1 1 0 1 0 1 0 1 1 1 1 0 1 0 1
15 75 $676  1 1 1 1 1 1 1 0 1 1 1 0 1 1 1 1 0 1 0 1 0 1 0 0 0 0 0 0 0 0 1 0 1 0 0 1 0 0 0 0 1 0 0 1 1 0 1 0 0 0 0 1 0 1 0 1 0 1 1 1 1 1 1 1 1 0 0 1 0 0 1 0 1 1 1
16 80 $778  1 1 1 1 0 1 1 1 1 0 0 0 1 1 1 0 1 1 0 1 1 1 1 1 0 0 1 0 1 1 0 1 0 1 0 0 1 0 0 1 1 1 0 1 1 0 0 0 1 1 0 1 0 0 0 1 1 0 1 1 1 0 0 0 1 1 1 1 1 1 1 1 0 1 0 1 1 1 0 0
17 85 $760  1 1 0 1 1 1 0 0 1 1 1 1 1 1 0 1 1 0 1 1 0 1 1 1 1 1 1 0 0 1 0 1 1 0 0 0 0 1 1 1 0 0 1 0 1 1 0 0 1 0 0 1 0 0 1 0 0 1 0 0 1 1 0 1 1 1 1 0 1 1 0 1 1 1 0 1 1 1 1 1 1 1 1 1 1
18 90 $1027  1 1 1 0 0 1 0 0 0 0 1 1 1 0 1 0 1 1 1 0 0 0 1 0 0 1 0 0 1 1 0 1 1 0 1 1 0 1 0 1 1 0 1 1 1 1 1 0 0 0 0 1 0 0 1 1 1 0 1 0 0 1 1 1 1 1 1 1 1 1 1 0 0 1 1 0 1 1 1 1 1 0 1 1 0 0 1 0 1 1
19 95 $945  1 1 0 0 1 0 1 1 1 1 0 0 0 0 1 1 0 1 1 0 1 0 1 1 0 0 1 1 0 1 1 1 1 1 0 0 1 1 1 1 1 1 0 0 0 0 1 1 1 1 1 1 1 0 0 1 1 1 0 1 0 1 0 1 0 1 0 0 0 0 0 0 0 0 1 1 0 0 0 0 1 1 0 1 1 1 1 0 1 1 0 1 1 0 0
20 100 $1157  1 1 1 1 1 1 1 0 0 1 1 1 0 1 1 1 1 1 1 1 0 1 1 0 1 0 1 1 0 0 1 1 0 0 0 0 1 0 0 1 1 1 1 0 0 1 1 1 1 0 1 1 1 0 0 1 0 1 0 0 0 0 1 1 0 1 0 1 1 1 1 0 0 1 0 1 1 0 0 0 1 0 1 1 1 1 1 0 0 0 1 0 0 1 1 1 1 1 1 0
21 105 $1048  0 1 1 1 1 1 1 1 0 1 0 0 1 0 1 0 0 1 0 0 0 1 1 1 1 1 1 0 0 1 1 0 1 1 0 1 1 0 1 0 1 0 0 0 0 1 1 1 1 1 1 1 1 0 0 0 1 1 0 1 1 1 1 1 1 1 1 0 0 1 0 0 1 1 0 1 0 0 0 0 0 1 0 0 0 1 0 1 0 1 0 1 1 1 1 0 1 1 1 0 1 0 0 1 1
22 110 $1244  1 1 0 1 1 0 0 0 1 1 0 1 0 0 1 1 0 1 0 0 1 1 0 1 1 1 0 0 0 0 0 0 1 0 1 1 1 1 0 1 1 1 1 1 0 1 0 1 1 1 1 1 1 0 1 0 1 1 1 1 1 1 1 1 0 1 1 0 1 1 1 1 0 0 1 0 0 1 1 1 1 1 1 1 1 1 0 1 0 1 1 1 0 0 0 1 1 1 0 0 0 1 1 0 1 1 0 0 1 1
23 115 $1204  1 1 0 0 1 1 1 1 1 0 1 1 1 0 0 1 0 0 1 0 1 1 0 0 0 1 1 1 1 0 0 0 1 1 1 1 1 1 1 1 0 1 1 1 1 1 1 1 0 1 0 1 1 1 0 1 0 0 1 0 1 1 1 1 1 0 0 1 1 0 0 1 0 1 0 1 0 1 1 1 0 1 0 1 1 1 1 0 1 0 1 1 0 1 1 0 1 0 1 1 0 1 1 1 0 1 1 1 1 0 0 0 1 1 0
24 120 $1174  0 1 1 1 0 0 1 0 0 0 0 0 0 0 1 1 1 1 1 0 1 1 1 1 1 0 0 0 1 0 1 1 0 0 1 1 1 1 0 0 1 1 0 0 1 1 0 0 1 1 1 0 0 1 1 1 0 1 0 1 1 1 1 1 1 0 0 0 0 1 0 1 0 0 0 1 1 1 1 0 0 0 1 0 1 1 1 0 1 1 1 0 1 1 1 0 0 1 0 1 0 0 0 1 0 0 1 1 1 1 0 1 0 1 1 1 1 1 0 0
25 125 $1261  0 1 0 1 0 0 1 1 1 0 1 1 1 1 1 0 1 1 1 1 1 1 1 0 1 0 1 0 1 1 1 1 1 0 0 1 1 1 1 1 0 0 0 1 1 1 1 1 1 0 1 1 1 1 1 1 0 0 0 0 0 1 0 0 1 0 0 0 1 0 0 0 1 1 0 0 1 1 0 0 1 1 1 1 0 0 0 0 1 1 0 0 0 1 1 0 1 1 1 1 1 1 0 0 0 1 0 0 1 1 1 1 0 0 1 1 1 1 1 1 1 1 0 1 1
26 130 $1314  1 1 1 0 0 1 1 0 0 0 0 1 0 1 1 1 1 0 1 1 0 1 1 1 0 1 0 0 0 1 1 0 0 1 1 1 1 1 1 1 0 0 1 1 1 1 0 1 1 1 1 1 1 1 1 1 1 1 0 1 1 0 0 0 0 1 0 1 0 0 1 1 0 1 0 1 0 0 1 1 0 1 1 0 1 1 1 0 1 1 0 0 0 1 0 1 0 1 0 1 1 1 0 1 1 1 0 0 0 0 1 1 1 0 1 1 1 1 0 0 1 1 0 1 0 1 0 0 1 1
27 135 $1212  1 1 0 1 1 1 1 1 1 1 1 1 1 1 0 0 0 0 0 1 1 1 1 1 1 1 0 0 0 0 0 1 1 0 0 1 1 1 0 1 1 0 1 1 1 0 0 0 1 1 0 0 0 1 0 1 0 1 1 1 0 1 0 0 0 0 1 0 1 0 1 0 1 0 1 0 0 0 0 0 1 1 1 0 0 1 1 0 1 0 1 1 0 0 1 1 0 0 1 0 1 0 1 1 0 0 0 1 1 1 1 0 0 1 0 0 1 1 1 1 0 1 1 0 0 1 1 1 1 1 1 0 1 0 1
28 140 $1448  0 1 1 1 1 1 1 1 1 1 1 0 0 1 0 1 0 1 1 0 1 0 1 1 1 1 0 1 0 1 0 1 1 0 0 1 0 0 0 1 0 1 0 0 0 1 0 1 0 0 1 1 1 1 1 1 0 0 1 1 0 0 1 0 0 0 1 1 1 0 1 1 0 0 1 0 0 1 1 1 1 0 1 1 1 1 1 0 1 1 0 1 1 0 1 1 1 1 0 0 0 0 0 0 1 1 0 1 1 1 1 0 1 0 1 0 0 0 0 1 0 1 0 1 0 1 1 0 1 1 1 1 1 1 1 0 1 0 1 1
29 145 $1513  0 1 1 1 0 1 1 1 0 0 1 1 1 1 0 1 1 1 1 1 1 0 1 0 1 0 0 1 1 1 0 1 1 1 1 1 1 0 1 1 0 0 0 1 0 1 1 0 1 1 1 1 1 1 0 1 1 1 0 1 1 1 0 0 1 0 1 1 1 0 1 0 1 0 1 1 1 1 1 1 0 0 1 0 1 0 1 1 1 0 1 0 1 0 1 0 1 1 0 1 1 1 1 1 1 1 1 1 1 1 0 1 1 0 0 1 1 1 1 0 0 1 0 1 1 0 0 1 0 0 0 1 1 0 1 1 1 0 0 1 0 0 0 1 1
30 150 $1389  0 1 1 0 0 0 1 0 1 1 1 0 1 0 0 1 1 1 0 1 0 0 0 1 1 1 1 1 0 0 1 0 1 1 1 0 0 0 0 0 0 1 0 1 1 1 1 0 0 1 1 1 0 1 1 1 1 1 1 1 1 1 1 0 0 1 0 1 0 1 1 0 1 1 0 0 1 1 1 1 1 1 0 1 1 1 0 1 1 1 0 0 1 0 0 0 1 1 1 1 1 1 1 1 1 0 1 0 1 1 0 1 0 1 0 0 0 0 1 1 0 0 1 1 0 1 1 1 1 0 1 1 0 1 0 1 1 1 1 1 0 1 1 0 0 0 0 0 1 1
31 155 $1539  0 1 1 1 1 0 1 1 0 0 1 1 1 0 0 0 0 0 1 1 0 1 1 1 1 0 0 0 1 0 0 1 1 0 0 1 1 0 1 1 1 1 1 0 0 0 0 1 1 1 0 0 1 1 1 1 1 0 0 0 0 1 0 0 1 1 0 1 1 1 1 1 1 1 1 0 1 0 0 0 1 1 1 1 1 1 1 1 1 0 0 1 1 0 0 1 1 1 0 1 1 0 0 1 1 1 1 1 0 0 1 1 1 1 0 1 0 0 1 1 0 1 1 0 1 0 0 1 0 0 1 0 1 0 1 1 1 1 0 1 1 1 1 1 0 1 1 1 0 0 1 0 1 0 1
32 160 $1451  0 1 1 0 1 0 1 0 1 1 1 0 0 1 0 1 1 0 1 1 0 1 1 0 1 0 1 0 0 0 1 0 1 0 1 0 1 1 0 1 0 1 1 1 0 1 1 0 1 1 0 1 0 1 1 1 0 0 1 1 0 1 0 0 0 1 0 1 0 0 1 1 1 0 0 1 0 0 0 1 0 1 1 0 1 1 1 1 0 1 1 1 1 0 0 0 0 1 1 1 0 0 1 1 1 1 1 1 1 1 0 1 1 0 1 1 1 1 1 1 1 1 0 1 0 1 0 0 0 1 1 0 0 1 1 0 0 1 0 1 1 0 1 1 1 1 1 1 0 0 0 1 1 1 0 1 0 1 1 0
33 165 $1516  1 0 0 0 1 1 0 1 1 0 1 1 1 0 1 0 1 0 1 1 0 0 1 1 1 0 1 1 1 0 1 1 1 0 1 0 1 1 0 0 0 1 0 0 1 1 0 1 1 1 0 1 0 0 1 0 1 0 1 1 1 1 1 1 0 0 1 0 0 0 1 1 0 1 0 1 0 1 0 1 1 1 0 1 1 0 0 0 1 1 0 0 1 0 1 0 1 0 1 0 1 0 1 0 1 0 1 1 0 0 1 1 1 0 1 0 0 0 0 0 0 0 0 0 1 1 0 0 1 0 1 0 1 1 0 0 1 0 1 1 0 1 1 1 0 1 0 0 1 0 1 1 1 1 1 1 0 0 0 1 0 1 0 0 1
34 170 $1343  0 1 0 1 0 1 0 1 1 1 1 0 0 1 0 1 1 0 0 1 1 1 0 0 1 1 0 1 0 1 1 0 0 1 0 1 1 1 1 0 0 1 0 0 1 1 1 1 1 0 1 1 1 1 1 0 1 1 0 1 0 1 1 1 0 1 1 0 1 0 0 1 0 0 1 1 0 0 0 0 1 1 0 0 1 0 0 1 0 1 1 1 1 0 1 0 1 0 1 0 1 0 1 1 1 1 1 0 1 1 0 0 0 1 1 1 0 1 0 0 1 0 0 0 1 0 1 0 1 1 0 0 1 1 0 1 0 0 0 0 1 0 0 0 1 1 0 1 0 0 0 1 1 1 1 0 1 0 1 1 1 0 0 0 0 0 1 1 0 1
35 175 $1647  1 1 0 1 0 0 0 0 0 1 1 1 0 1 0 0 1 1 0 1 1 1 0 0 0 0 0 1 0 0 1 1 0 0 1 1 0 0 1 1 1 1 0 1 1 1 1 1 1 1 0 1 1 0 0 1 0 0 1 1 1 1 1 1 1 1 0 1 0 1 1 1 0 1 1 0 1 1 0 1 1 0 0 0 1 1 0 1 0 1 0 1 0 1 1 1 0 1 0 0 0 0 1 0 1 1 1 0 1 1 0 1 1 1 0 1 0 0 1 1 0 0 1 1 1 0 1 1 1 1 0 0 0 0 0 1 1 1 0 1 1 1 1 1 1 1 0 1 0 1 0 0 1 1 1 1 1 1 1 0 1 0 1 0 0 1 0 1 1 1 0 0 0 0 0
36 180 $1766  0 1 0 0 1 0 0 0 1 0 1 0 1 0 1 1 1 1 0 1 1 0 1 0 1 1 0 1 1 1 1 1 1 1 0 1 1 0 1 0 0 1 1 1 1 0 1 0 0 0 1 1 1 1 0 0 0 1 1 0 0 0 0 1 0 0 0 0 1 1 0 1 1 1 0 1 1 1 1 0 1 0 0 1 0 0 0 1 1 1 0 1 0 0 0 0 1 0 1 1 1 0 1 1 1 1 1 1 0 1 1 0 1 1 0 0 1 1 1 0 1 0 1 1 0 1 1 0 1 1 0 0 1 0 1 1 0 0 1 0 0 1 1 1 1 0 0 1 1 1 0 0 0 1 1 1 0 0 0 1 1 1 0 1 1 1 1 1 0 1 0 0 0 0 0 0 1 1 1 1
37 185 $1718  0 1 1 0 0 1 0 1 1 0 0 1 1 0 0 1 0 1 1 1 0 0 1 1 1 1 1 1 0 0 0 1 0 1 0 1 1 1 1 1 1 1 0 0 1 1 1 0 0 1 0 1 1 1 1 1 1 1 0 1 0 0 1 0 0 1 1 1 1 0 0 1 0 1 0 1 1 1 1 0 1 1 1 1 0 0 1 1 0 0 1 0 0 1 0 1 1 0 0 0 1 0 0 0 0 1 0 0 1 1 1 1 1 0 1 1 1 1 1 1 0 0 1 0 1 1 0 1 0 0 1 1 0 1 1 1 0 1 1 0 1 1 0 0 1 1 0 1 0 1 0 1 1 0 1 0 0 1 0 1 1 0 1 1 0 1 0 0 1 1 0 1 1 1 1 1 0 0 0 1 1 0 1 0 0
38 190 $1952  0 1 1 1 0 0 1 1 0 1 1 1 0 1 1 0 1 1 0 0 0 0 1 1 1 1 0 0 0 0 0 1 1 0 1 1 1 1 1 1 0 1 1 1 1 1 0 0 1 1 0 1 1 1 1 1 1 1 0 0 1 0 0 0 1 1 0 1 0 1 0 1 0 1 0 0 0 1 1 1 0 0 1 1 1 1 0 0 0 1 0 0 0 1 1 0 0 0 1 1 1 1 1 0 1 0 0 0 0 0 1 0 0 0 0 1 1 0 1 1 1 1 1 1 1 1 0 1 1 1 1 0 1 0 1 1 1 1 0 0 0 1 1 0 0 1 1 1 0 1 0 1 1 1 1 1 1 1 1 0 1 0 0 0 1 1 0 1 1 1 1 1 1 0 0 1 1 1 1 1 1 1 0 0 1 0 1 0 1 1
39 195 $1864  1 1 1 0 1 0 1 0 0 1 0 0 0 0 1 0 1 1 1 0 1 1 0 1 0 1 1 1 0 0 0 1 0 1 0 0 1 1 0 1 1 1 0 1 0 0 0 0 0 0 1 1 0 1 1 0 1 1 1 1 1 0 1 0 0 1 1 0 0 0 0 1 0 1 1 1 1 1 1 1 0 1 0 1 0 0 0 1 1 0 1 1 0 1 0 1 0 1 1 1 1 0 0 0 0 1 0 0 0 1 1 0 1 1 0 1 1 1 1 1 0 1 1 1 0 1 0 1 1 1 1 0 1 1 0 1 1 1 1 0 0 1 1 1 0 0 0 1 1 1 0 0 1 0 1 1 1 1 1 1 0 0 1 0 1 1 1 0 1 1 0 1 0 0 0 0 0 0 1 1 0 1 1 0 0 1 0 1 1 0 1 1 0 1 1
40 200 $1879  0 1 0 0 0 0 0 1 0 1 1 1 1 1 0 0 0 1 0 0 0 0 1 1 1 1 1 1 1 1 1 1 0 1 1 1 1 1 1 0 1 1 0 0 1 1 1 1 1 1 1 0 0 0 0 0 1 1 0 0 0 1 1 0 1 0 0 1 1 1 0 0 1 1 0 1 1 1 1 1 1 1 0 1 1 0 1 1 1 1 1 1 1 0 0 0 0 0 1 0 1 0 1 0 1 1 1 0 0 1 1 0 1 1 1 0 1 0 0 1 1 0 1 1 1 0 0 1 1 0 1 1 1 0 1 1 1 1 0 0 0 0 1 1 1 0 0 1 1 0 1 0 0 0 1 0 0 1 0 0 0 1 0 1 1 1 0 1 1 0 1 1 0 1 0 1 1 0 1 0 0 1 1 0 1 0 1 1 0 1 0 0 1 1 1 1 1 1 0 0
41 205 $1989  1 1 0 1 1 0 1 0 1 0 1 0 1 1 0 1 0 0 1 1 1 1 0 1 1 1 0 0 0 1 1 1 1 1 1 1 1 1 1 1 1 0 1 0 0 0 0 1 1 1 1 0 0 1 1 1 1 1 0 1 1 0 1 0 0 0 1 1 0 0 0 1 1 0 1 1 1 1 1 1 0 1 0 1 0 1 1 1 0 1 1 0 0 0 1 0 0 1 1 1 1 0 0 1 1 1 0 1 1 0 1 0 1 1 1 0 1 1 0 1 0 0 1 1 1 0 0 0 0 1 0 0 1 0 1 1 1 0 0 0 0 1 0 0 0 1 0 1 1 1 1 1 0 0 0 1 0 1 1 0 1 1 1 0 1 0 0 1 1 1 0 0 1 0 1 0 1 1 1 1 0 0 0 1 1 1 0 0 1 1 1 0 1 1 1 0 0 1 1 0 1 1 1 0 0
42 210 $2003  0 1 1 0 1 0 1 0 1 1 0 1 1 0 1 1 1 0 0 0 0 0 0 0 1 1 0 0 1 0 1 0 0 1 0 1 0 0 0 1 1 1 0 1 1 1 1 1 1 1 0 1 0 0 0 0 0 1 1 0 1 1 1 0 1 1 1 1 1 1 0 1 1 1 0 1 0 1 1 1 1 0 1 1 0 0 1 0 1 1 1 1 0 0 1 1 0 1 0 0 1 1 1 1 0 1 1 1 0 1 0 0 1 0 1 1 0 1 1 0 0 1 1 1 1 0 1 0 1 0 1 1 0 0 0 1 1 0 0 1 0 0 1 0 1 1 1 1 0 1 1 0 1 1 0 1 1 1 0 1 0 0 1 0 1 0 1 0 1 1 1 1 0 1 1 1 1 1 1 1 1 0 0 0 1 0 0 0 1 1 1 0 1 1 1 1 1 1 0 0 1 0 1 0 1 0 0 0 0 0
43 215 $2084  1 1 1 1 1 0 0 1 0 0 1 0 1 1 1 1 1 1 0 1 1 0 1 1 0 0 0 1 0 0 0 1 0 1 0 0 0 0 1 0 0 0 1 1 1 1 1 1 1 1 1 1 0 0 1 0 1 1 1 1 1 1 0 1 0 1 1 1 1 0 1 0 1 0 0 1 1 0 0 1 1 0 1 1 0 1 1 1 1 1 1 1 1 0 1 1 0 0 0 1 1 1 0 1 0 1 0 1 0 0 0 1 1 1 1 0 1 1 1 0 1 0 1 0 1 1 1 0 0 0 1 0 1 1 1 1 0 0 0 1 0 1 1 0 0 1 1 1 1 0 1 0 0 0 1 0 0 1 1 1 0 1 0 1 1 1 1 0 0 1 0 0 0 1 1 0 1 1 1 0 0 0 1 1 0 0 1 1 0 1 0 0 1 0 0 0 0 1 1 0 1 1 0 0 1 1 1 1 1 1 0 0 1 0 1
44 220 $2005  1 1 1 1 1 1 1 1 1 1 1 0 1 0 1 1 1 0 1 1 0 1 0 0 1 1 1 1 1 0 1 1 0 1 0 1 1 1 0 0 1 1 1 1 1 0 0 1 0 1 1 1 1 0 0 0 1 1 0 1 1 0 0 0 0 0 1 1 1 0 1 1 0 1 0 0 0 1 1 1 1 0 0 1 1 0 1 0 1 0 1 1 0 1 0 0 0 0 1 1 0 1 0 1 1 0 0 0 0 0 1 0 1 0 0 1 1 0 0 1 0 1 1 0 0 1 0 0 1 1 1 0 1 0 1 0 1 1 1 1 0 1 0 1 0 1 0 0 1 0 1 1 0 1 1 0 0 0 1 0 0 0 1 1 1 0 1 0 1 1 1 1 0 1 0 1 1 1 1 0 1 1 0 0 0 1 1 1 1 1 1 0 1 0 0 1 1 1 1 0 1 0 1 0 0 1 1 1 1 1 1 1 0 0 0 0 0 0 1 0
45 225 $1926  0 0 1 1 0 1 0 1 0 1 1 0 1 0 0 1 1 1 1 1 1 0 1 1 0 0 1 1 1 0 0 1 0 1 1 0 1 1 1 0 0 0 0 0 1 1 1 0 1 1 0 0 0 1 1 0 1 0 0 1 0 0 0 0 0 1 1 1 0 1 0 1 1 0 0 1 1 0 1 1 0 1 1 1 0 1 0 0 1 0 1 0 1 1 0 1 1 0 0 1 1 1 0 1 0 1 1 1 0 0 1 1 1 1 0 1 1 0 1 1 1 0 1 0 1 1 0 0 1 1 0 0 1 0 1 1 1 1 1 1 1 1 0 0 0 0 1 1 1 0 0 1 1 1 1 1 1 0 0 0 0 1 0 0 0 0 1 1 0 0 1 0 0 0 0 1 0 1 0 0 0 0 1 0 1 0 0 1 0 0 1 1 0 1 1 1 1 1 0 0 1 1 0 1 0 1 1 1 0 1 1 0 1 1 0 1 1 1 1 1 1 1 1 0 1
46 230 $2090  0 1 0 0 1 1 1 1 1 1 0 1 0 1 1 0 1 0 1 0 0 1 0 1 0 1 1 1 0 1 0 0 1 0 1 1 1 0 0 1 0 1 1 1 1 0 0 0 0 0 1 1 1 1 1 1 0 1 0 0 1 1 1 1 1 1 0 0 0 0 1 0 0 1 0 1 0 1 1 1 0 0 0 1 1 1 0 1 1 1 1 1 1 1 0 1 0 0 0 1 1 1 1 0 1 1 1 0 1 1 1 1 1 0 0 1 1 1 1 1 0 0 1 0 1 0 0 0 0 0 0 1 0 0 0 0 0 0 1 1 1 0 1 1 1 1 1 0 1 0 1 0 1 1 1 1 1 0 0 0 0 1 1 1 0 0 1 0 1 0 0 1 0 0 1 0 0 1 0 1 0 0 1 1 1 0 1 1 0 1 1 1 0 1 1 1 1 1 1 1 1 1 1 0 1 0 0 0 1 1 0 1 0 1 0 0 1 0 0 1 1 1 0 0 1 1 0 1 1 1
47 235 $2125  0 1 1 1 1 1 1 1 1 1 1 0 0 1 0 1 1 0 0 1 0 1 1 0 0 0 1 1 1 1 0 0 0 1 1 0 1 0 0 0 0 1 0 1 0 1 1 0 1 1 0 1 0 0 1 1 0 0 1 1 0 0 1 0 1 0 1 1 1 0 1 1 1 1 1 1 1 0 1 1 1 0 0 0 0 1 1 0 1 0 1 1 1 1 1 0 0 1 1 1 1 1 1 1 1 0 1 1 1 1 0 0 0 0 0 0 0 1 1 1 0 0 1 1 0 0 1 1 0 1 1 1 1 0 1 1 1 1 1 1 0 0 1 0 0 1 0 1 1 0 0 0 1 0 1 0 1 0 1 1 1 1 1 1 0 0 0 1 1 0 0 1 1 0 1 1 1 0 0 0 0 1 1 0 1 1 0 1 1 1 0 1 0 0 1 1 1 0 0 1 0 1 1 1 1 1 1 1 1 0 1 1 1 0 0 1 1 0 1 0 0 0 1 0 1 1 0 1 0 0 0 1 1 0 0
48 240 $2260  0 1 1 1 0 0 1 0 1 1 1 1 1 0 0 1 0 1 1 0 1 1 1 1 0 0 0 1 1 1 1 1 0 0 1 0 1 1 0 0 1 1 1 0 1 1 0 1 1 1 1 1 1 0 0 1 0 0 0 0 1 0 0 0 1 0 1 1 0 1 1 0 1 1 0 0 0 0 1 1 1 1 1 1 0 1 0 0 1 0 1 1 1 1 1 0 1 1 1 0 1 1 1 1 0 1 0 0 1 1 0 0 1 0 1 0 1 0 1 1 0 1 1 1 0 0 1 0 1 1 1 0 0 1 1 1 1 1 1 0 1 1 0 1 1 1 0 0 0 0 1 1 1 1 1 1 0 1 0 0 0 0 0 1 1 0 0 1 1 0 1 1 1 0 0 1 1 1 0 1 0 0 1 1 0 0 1 1 0 0 1 0 0 1 1 1 1 0 0 0 1 0 0 1 0 0 1 1 0 1 0 1 1 0 1 1 1 1 1 1 1 1 0 0 0 0 0 1 1 1 0 1 1 1 1 1 1 1 0 1
49 245 $2130  0 1 0 1 1 0 0 0 1 0 1 1 1 0 1 1 1 0 0 0 0 1 0 1 0 1 1 1 1 1 1 0 1 0 0 0 1 1 1 1 0 0 1 1 1 0 1 1 1 1 0 1 1 1 1 1 1 0 0 0 1 1 1 0 0 0 0 0 1 1 0 0 1 1 1 1 1 1 1 0 0 0 1 1 1 1 1 0 1 0 0 0 0 0 1 1 1 1 0 0 1 1 1 0 1 1 0 0 0 0 0 0 0 0 1 1 1 1 0 0 0 1 0 1 1 1 0 0 0 0 0 1 0 1 0 1 1 0 0 0 1 1 1 1 1 0 1 0 1 1 1 1 0 1 0 1 0 0 1 1 0 1 0 1 0 1 1 1 0 1 0 1 1 1 1 0 1 1 0 0 1 0 0 1 0 1 1 1 0 0 1 1 1 0 1 0 0 0 0 0 1 0 0 0 0 1 0 1 1 1 1 1 1 1 1 1 1 0 1 0 0 1 0 1 0 0 0 1 1 1 1 1 1 1 1 0 0 1 1 0 0 0 1 0 0
50 250 $2174  0 0 1 1 1 1 0 1 0 1 0 0 1 0 1 1 0 0 0 1 1 1 0 0 0 0 1 1 1 1 1 0 1 0 1 1 0 1 1 0 0 1 1 0 0 1 1 1 0 1 1 0 0 1 1 0 1 1 1 0 1 0 1 1 1 1 1 1 1 1 1 1 0 1 1 0 1 0 0 1 1 1 1 1 1 1 1 0 0 1 1 0 1 0 1 1 0 1 1 0 0 0 0 1 1 1 1 0 1 1 1 0 1 1 1 0 0 0 0 1 1 0 1 0 1 0 1 0 1 0 1 1 1 1 1 0 0 0 1 1 0 0 0 1 1 1 0 1 0 0 0 0 1 0 0 1 0 0 0 0 0 0 0 0 1 0 0 0 0 0 1 1 1 0 1 0 1 1 0 1 1 1 0 0 1 1 0 1 1 0 0 1 1 0 1 1 0 1 1 1 1 1 1 1 1 1 1 1 1 1 0 0 1 0 0 0 1 0 0 1 1 1 0 1 1 1 0 0 1 1 0 0 0 0 1 0 0 0 0 0 0 1 1 1 0 0 1 1 0 0
genetic_algorithm: 				TotalTime: 24.7125		TotalValue: $61412 
simulated_annealing
1 5 $65  1 1 1 0 0
2 10 $103  0 0 1 1 0 1 0 1 1 1
3 15 $196  1 1 1 1 1 1 1 1 0 0 1 0 0 0 1
4 20 $238  0 1 0 0 1 1 1 1 1 1 0 1 1 0 1 1 1 1 0 0
5 25 $313  1 0 1 1 1 0 1 1 0 1 0 1 1 0 0 1 0 1 1 1 0 0 0 1 1
6 30 $375  1 0 1 0 0 0 0 1 0 1 1 0 1 0 0 1 0 1 1 1 0 1 0 0 1 1 0 0 0 1
7 35 $420  0 1 1 1 0 0 0 1 1 1 1 0 0 0 0 0 0 1 0 1 0 0 1 0 1 0 0 1 0 1 0 0 0 0 0
8 40 $527  0 1 1 0 1 1 1 1 1 1 0 1 1 1 0 0 1 1 0 1 1 1 1 0 1 0 0 0 1 1 0 1 1 0 1 0 0 1 1 1
9 45 $585  1 0 1 1 1 0 1 1 0 1 0 1 1 1 1 1 1 0 1 1 0 1 1 0 0 1 0 1 1 1 1 1 0 1 0 1 0 1 0 0 1 0 1 1 1
10 50 $525  1 1 0 0 1 1 1 1 0 0 0 1 0 1 0 0 1 1 1 1 1 0 0 1 0 1 1 1 1 1 1 1 1 0 0 0 0 1 1 0 1 0 1 0 1 0 0 0 1 1
11 55 $634  1 0 1 1 0 1 0 1 1 1 1 1 0 1 1 1 0 0 1 1 1 1 0 0 1 1 0 1 0 1 1 0 0 1 1 0 1 1 1 0 1 1 1 0 1 0 1 1 1 0 0 0 1 0 1
12 60 $578  1 1 0 0 1 1 0 0 0 1 1 1 0 0 1 1 1 1 1 0 0 1 1 0 0 1 1 1 0 0 1 0 1 1 0 0 1 1 1 0 0 0 1 0 1 0 0 0 0 0 1 1 1 1 1 1 0 1 0 1
13 65 $755  1 1 0 0 1 0 1 1 0 0 1 0 0 0 1 0 1 1 0 0 1 0 1 0 0 0 1 0 0 1 0 1 0 1 1 0 1 0 0 1 0 1 0 1 1 1 1 1 1 1 0 1 1 1 0 1 0 0 1 0 1 1 1 1 0
14 70 $747  1 1 0 1 1 1 1 1 1 0 1 1 1 0 0 1 0 1 1 0 1 1 1 0 0 1 1 1 0 0 1 1 1 0 1 0 0 0 0 1 0 0 0 1 1 1 0 0 1 1 1 1 0 0 1 1 1 1 0 1 1 1 0 0 1 0 1 1 0 1
15 75 $777  1 1 1 1 0 1 0 1 0 0 0 1 0 1 0 1 0 1 1 0 1 0 0 1 0 1 1 0 1 0 1 0 1 1 1 0 1 0 0 0 0 0 1 1 0 1 1 1 1 1 0 1 0 0 1 1 1 1 1 0 1 0 1 1 0 0 1 0 1 0 1 0 0 1 1
16 80 $817  0 0 1 0 1 1 0 0 1 0 1 0 1 0 1 1 1 1 1 1 1 1 1 1 1 1 1 1 1 1 1 0 0 0 0 1 1 0 1 0 1 1 1 1 1 1 0 1 0 1 0 1 1 1 1 1 1 1 1 0 1 0 0 0 1 1 1 1 0 1 1 0 1 1 0 1 0 1 1 0
17 85 $1041  0 0 1 1 0 0 1 0 0 0 1 1 0 1 1 1 1 1 0 1 0 1 0 1 1 0 0 1 1 1 0 1 0 0 1 0 0 1 1 1 1 1 1 0 1 0 0 0 1 0 1 1 1 1 1 0 1 1 0 1 1 1 0 0 1 1 1 0 0 1 1 0 1 0 1 0 1 0 1 1 0 1 0 1 1
18 90 $1017  1 1 0 1 1 0 1 1 0 0 0 1 0 0 1 1 1 1 1 0 1 1 1 0 1 0 0 1 1 1 1 1 0 0 0 1 0 0 1 1 1 0 1 0 0 1 1 0 1 1 1 1 0 0 0 1 0 0 1 0 0 1 1 1 0 1 1 1 1 1 0 1 1 1 0 1 1 0 1 0 1 1 1 1 0 0 1 1 1 0
19 95 $918  0 0 0 0 0 0 1 1 0 0 0 0 1 0 1 0 1 1 0 1 1 1 1 1 1 0 1 0 0 0 0 0 1 1 1 1 1 0 0 0 0 0 0 1 1 1 0 1 1 0 1 0 0 0 0 1 0 1 0 0 1 1 1 0 1 1 0 1 0 0 0 0 1 0 1 1 0 0 0 0 1 0 0 1 0 0 0 0 1 1 0 1 1 1 0
20 100 $1178  1 0 0 1 1 1 1 1 1 1 1 1 0 0 0 1 1 0 0 1 0 1 0 0 1 0 1 1 1 0 1 0 1 0 0 1 1 1 0 0 1 1 0 1 1 1 0 0 1 1 0 0 0 1 0 0 0 0 1 1 1 1 0 1 1 1 1 0 1 1 0 1 0 0 0 0 0 1 0 0 1 0 0 0 1 1 0 1 0 0 0 1 1 1 1 1 1 0 0 0
21 105 $1138  1 0 1 1 0 0 0 1 0 1 1 1 0 0 1 1 1 1 0 0 1 0 1 0 0 1 1 1 1 0 1 1 1 0 0 1 1 0 0 0 1 1 1 1 1 1 0 0 1 1 0 0 1 0 0 1 1 1 0 1 1 1 0 1 0 0 1 1 0 1 0 1 1 0 1 0 0 0 0 1 1 1 0 0 1 1 0 1 0 1 1 1 1 0 0 1 1 1 1 1 1 1 0 0 0
22 110 $1270  1 0 1 1 1 1 0 1 1 1 0 0 1 1 0 0 0 0 1 1 1 1 1 1 0 0 0 0 0 0 1 1 1 1 1 0 1 0 1 1 1 0 0 0 1 0 0 0 0 0 0 1 1 1 1 1 0 1 0 0 1 1 1 1 0 0 1 1 0 1 0 0 1 1 0 0 0 1 0 0 0 1 0 1 1 1 0 0 1 0 0 0 1 1 1 0 0 0 0 0 0 1 1 0 0 0 1 1 0 0
23 115 $1231  0 0 1 0 0 0 1 0 0 1 0 1 1 0 0 0 0 0 0 1 0 1 1 0 1 0 1 0 0 0 1 1 0 0 1 1 0 0 0 0 1 1 1 0 1 1 1 1 0 1 0 1 1 0 0 1 0 0 0 0 1 1 1 1 0 1 0 1 0 1 0 1 1 1 1 1 1 0 0 0 0 0 0 0 1 0 1 1 0 0 1 1 0 1 0 0 1 0 1 1 1 1 1 1 0 0 0 1 1 1 0 1 1 1 1
24 120 $1268  0 0 1 1 1 0 0 1 1 0 1 0 1 1 1 0 0 0 0 0 0 1 1 1 0 1 1 0 0 0 1 1 1 1 1 1 1 1 1 0 1 0 0 0 1 1 0 1 0 0 0 0 0 0 1 1 1 1 1 0 0 1 1 1 0 0 1 0 1 1 1 0 0 1 0 0 1 1 0 1 0 1 1 1 0 1 0 1 1 0 0 0 1 1 0 1 1 1 0 1 0 1 1 0 1 0 1 1 0 0 0 0 0 0 1 1 0 0 1 1
25 125 $1336  1 0 1 1 1 1 0 0 0 1 1 1 1 0 1 1 1 1 0 1 1 1 1 1 1 1 1 1 1 1 0 1 0 1 0 1 1 0 0 1 0 0 1 0 0 0 0 0 0 1 1 1 1 1 1 0 1 1 0 1 0 1 1 1 0 1 0 0 1 1 0 0 0 1 0 1 1 1 1 1 0 0 1 0 0 0 1 1 0 0 1 1 1 0 1 0 0 1 1 1 1 0 1 1 0 1 1 1 0 0 1 1 1 0 1 1 0 0 1 1 0 0 0 1 1
26 130 $1443  0 0 0 1 0 0 0 1 1 1 0 0 1 1 1 0 1 0 0 1 1 1 1 1 1 1 1 0 0 0 0 0 1 0 0 0 0 0 1 0 1 1 1 1 1 0 1 0 1 1 1 1 0 0 0 1 0 1 1 0 1 0 1 0 1 1 0 1 1 1 0 1 0 0 0 0 0 1 1 0 1 1 1 0 1 0 0 1 1 1 1 0 0 1 1 1 1 1 0 1 0 0 0 1 0 1 0 1 0 1 1 1 1 1 0 1 1 1 0 1 1 1 1 1 0 1 1 0 1 1
27 135 $1304  0 0 1 0 0 1 0 1 1 0 1 1 0 0 0 1 1 0 0 1 1 1 1 1 0 0 0 0 1 1 1 0 1 1 0 0 1 1 0 0 0 1 1 1 0 1 0 1 1 0 1 1 0 0 1 0 1 0 1 0 1 1 0 0 0 1 0 1 1 1 1 0 1 1 1 1 1 1 0 1 1 0 1 1 1 1 0 0 0 1 1 1 0 0 0 0 0 1 0 0 1 0 0 1 0 1 1 1 1 0 0 1 0 0 0 1 0 0 0 1 0 1 0 1 1 0 1 1 1 1 1 0 1 1 1
28 140 $1634  1 1 1 0 1 0 0 1 1 1 0 1 0 0 0 0 1 1 1 1 0 0 0 0 0 0 0 0 0 0 0 0 1 0 1 0 1 0 1 0 1 0 1 1 1 1 1 1 0 1 1 0 0 0 1 1 0 0 0 0 1 0 1 0 1 1 0 1 0 0 0 0 1 1 1 0 1 0 0 1 1 1 1 1 0 1 0 1 0 1 0 1 0 0 1 1 1 0 0 1 0 1 1 0 0 1 0 1 1 1 0 0 1 1 1 0 1 0 1 0 1 1 0 1 0 1 1 0 1 1 1 0 1 1 1 1 1 0 1 0
29 145 $1544  1 0 1 0 1 1 0 1 0 1 0 0 0 1 1 0 0 1 0 1 1 1 1 1 0 1 0 1 0 0 1 1 1 0 1 0 0 0 1 1 1 0 1 1 1 0 1 1 0 0 1 0 1 0 1 1 1 1 0 0 1 0 1 1 1 1 1 0 1 1 0 1 0 0 1 1 0 1 1 1 1 1 0 1 1 1 0 1 1 0 1 0 1 1 1 0 0 1 1 0 0 0 0 0 1 0 0 0 1 1 0 1 1 0 1 0 0 0 1 1 1 0 1 1 1 0 1 1 0 1 0 0 1 1 1 0 0 0 0 1 0 0 1 0 1
30 150 $1716  1 1 1 1 1 1 0 0 0 1 1 1 0 0 1 0 0 1 1 1 0 1 0 0 0 1 1 0 1 0 0 1 1 1 0 0 1 1 0 1 0 1 1 0 0 1 1 1 0 1 1 0 1 1 0 1 1 1 1 1 1 1 0 1 1 0 0 0 1 1 1 1 1 1 1 0 0 0 1 0 1 1 0 1 1 0 0 0 0 1 1 0 1 1 1 1 1 1 0 1 1 1 0 1 1 1 1 0 0 1 0 1 0 1 1 0 0 0 1 0 1 1 1 1 0 1 1 0 0 1 0 0 1 1 1 1 1 1 1 0 0 0 1 1 1 0 1 1 1 1
31 155 $1669  0 1 1 1 0 1 0 0 1 1 0 1 0 1 1 1 1 0 0 1 1 1 0 1 1 0 0 0 0 0 1 1 0 0 1 0 0 0 1 0 0 1 0 0 1 1 0 1 1 1 0 1 1 1 1 0 0 1 1 0 1 1 1 0 0 0 1 0 1 0 0 0 0 1 1 0 1 0 1 0 1 1 0 1 0 1 0 1 0 0 1 0 1 0 0 0 0 1 0 0 1 1 0 1 1 0 0 0 0 0 0 0 1 0 1 1 0 1 1 0 0 1 1 1 1 0 0 0 0 0 0 0 1 0 0 0 1 0 1 1 1 0 1 1 0 1 0 1 0 1 1 1 1 0 0
32 160 $1870  0 1 0 1 0 0 1 1 0 0 1 1 0 1 1 0 1 1 0 1 1 1 1 1 1 1 1 1 0 0 0 0 1 0 1 1 0 0 0 1 1 1 1 0 0 1 1 0 1 0 0 0 0 1 0 0 0 1 0 1 0 1 0 0 1 1 1 1 1 1 1 1 0 1 1 1 0 1 0 1 1 1 1 0 1 1 1 1 0 1 1 0 0 0 0 0 1 1 0 0 1 0 1 0 1 1 0 1 1 1 0 0 1 1 0 1 0 1 1 1 0 1 1 1 0 0 1 1 1 0 0 1 1 1 0 1 1 1 0 1 0 1 1 0 0 0 1 0 1 1 1 0 1 0 0 0 1 0 0 0
33 165 $1766  1 0 1 0 0 1 0 1 1 0 1 1 0 1 1 1 0 1 0 1 1 0 0 0 0 0 0 1 1 1 1 0 1 0 1 1 0 0 1 1 1 1 1 1 0 1 0 1 0 1 0 1 1 1 1 1 0 1 1 1 1 0 0 0 1 1 0 0 0 1 1 1 0 0 0 0 1 1 1 0 1 0 1 1 1 1 0 0 1 1 1 1 0 0 0 1 1 0 0 1 0 1 0 0 0 0 1 0 1 1 0 1 1 1 1 0 1 0 1 1 1 0 1 0 1 1 1 0 0 1 1 1 0 0 0 1 0 0 1 1 0 1 1 0 0 1 0 0 0 0 1 1 1 0 1 0 0 0 1 1 1 0 1 1 0
34 170 $1466  0 0 1 1 0 0 1 0 0 0 1 1 0 1 0 0 1 0 1 0 0 1 0 0 1 1 1 1 1 1 1 1 1 0 0 0 1 1 1 1 0 1 0 0 1 1 1 0 1 0 1 0 1 1 0 1 1 1 1 0 0 0 1 0 1 1 1 1 1 0 1 0 1 1 0 0 1 0 1 1 0 1 1 1 0 0 0 1 0 0 0 1 0 1 0 1 0 0 0 0 1 0 1 1 0 0 1 1 1 0 0 1 0 0 0 0 0 0 0 0 1 1 0 0 1 0 1 1 0 1 1 0 1 0 1 1 0 1 1 1 0 1 1 0 1 1 1 0 0 0 0 1 0 0 0 0 1 0 0 0 1 0 1 0 0 0 1 0 1 0
35 175 $1828  0 1 1 0 1 1 1 1 0 0 0 0 0 0 1 0 1 1 0 1 1 1 1 1 1 1 1 0 0 1 0 1 1 1 1 1 1 0 1 0 0 0 0 0 1 1 0 0 0 1 0 0 0 1 1 1 1 1 1 1 0 1 1 0 0 0 0 0 0 0 0 1 0 1 1 0 0 0 0 0 0 0 0 0 0 0 1 1 1 0 1 1 0 0 0 1 1 1 0 0 0 0 0 1 0 1 1 0 1 0 1 1 1 1 1 0 0 1 0 1 0 0 0 1 1 1 0 1 0 1 0 0 1 0 0 1 0 1 1 1 0 0 0 0 0 1 1 1 1 0 0 0 0 1 0 0 1 0 0 0 1 0 1 0 0 0 0 1 0 1 0 1 1 1 0
36 180 $1893  1 1 1 0 1 0 0 1 0 1 0 1 1 0 0 1 1 0 0 1 1 1 0 0 0 0 1 1 1 0 0 0 0 1 0 1 1 0 0 1 1 1 0 0 0 0 0 1 1 1 1 0 0 1 1 0 1 0 1 0 0 0 0 0 0 0 0 0 1 1 0 0 1 0 1 0 1 0 0 1 1 0 1 1 0 1 1 0 1 0 0 1 0 1 1 1 0 1 0 0 1 1 1 1 1 0 1 0 1 1 1 0 0 0 0 1 1 1 1 0 0 1 0 0 0 1 1 1 1 0 1 0 1 0 1 1 0 0 0 0 1 0 1 1 1 1 1 1 1 0 0 1 1 1 1 0 1 1 1 1 1 1 0 0 0 1 0 1 1 0 0 1 1 0 1 0 0 0 0 1
37 185 $1828  1 0 1 0 1 0 0 0 1 1 0 0 1 0 0 1 0 1 0 1 1 0 1 1 0 1 1 0 1 1 0 0 1 0 1 1 0 0 1 0 0 1 0 0 1 0 0 1 1 0 1 0 0 0 0 0 0 0 0 0 0 0 1 1 0 0 1 1 1 1 1 1 1 0 0 1 1 0 1 0 1 0 0 1 1 1 0 0 1 1 0 1 0 0 0 1 1 1 1 0 0 0 1 1 1 0 0 0 1 1 0 1 1 0 1 0 1 1 1 1 1 0 1 1 0 0 1 0 0 0 0 0 0 0 0 0 0 1 0 0 0 0 1 1 0 1 1 0 1 1 0 1 0 1 1 1 0 1 1 0 0 0 0 0 0 0 1 1 1 1 1 0 1 0 0 0 0 1 1 0 0 1 1 0 1
38 190 $2368  0 1 1 1 0 1 0 0 1 1 0 0 1 1 1 0 1 1 1 1 1 1 1 1 0 1 1 0 0 0 0 1 1 1 1 1 0 1 0 1 0 0 1 1 0 0 0 0 0 0 1 0 0 0 1 1 1 1 1 0 1 0 0 0 1 0 0 0 1 1 1 1 0 1 0 0 1 1 1 1 1 0 0 1 1 0 0 1 1 1 1 0 1 1 0 1 0 1 0 0 1 1 0 0 1 1 1 0 1 0 0 1 0 0 1 1 1 1 0 0 1 1 1 0 1 1 1 1 1 0 1 1 1 0 1 1 1 1 0 0 1 0 1 0 0 1 0 0 0 1 0 0 1 0 0 0 1 0 0 0 1 1 0 1 1 1 1 1 0 1 1 1 0 0 1 0 1 1 0 1 1 0 1 0 0 1 1 0 1 1
39 195 $2171  0 1 0 1 1 0 0 0 0 0 0 1 1 0 1 1 0 1 1 1 1 0 0 1 0 0 1 0 0 1 0 1 0 0 1 1 0 0 0 0 1 0 0 0 0 0 0 1 1 1 0 0 0 1 1 0 1 1 0 1 1 1 0 1 0 1 0 1 1 0 1 1 0 1 0 0 0 1 0 1 0 0 0 1 1 1 0 0 0 1 1 0 1 1 0 0 1 1 0 1 1 0 1 0 1 1 0 0 1 1 0 1 0 1 1 1 1 0 1 0 1 1 1 0 0 1 1 0 0 0 0 0 0 0 1 0 0 0 1 0 0 0 1 0 0 1 0 0 0 1 0 1 1 0 1 1 1 1 1 0 1 0 0 0 1 0 1 1 0 1 0 1 1 0 0 0 1 0 1 1 1 0 1 0 0 1 0 0 1 0 1 1 0 0 0
40 200 $2096  1 0 1 1 1 0 0 1 1 1 0 1 0 0 1 1 1 1 1 1 0 1 0 0 0 0 1 0 1 1 0 1 1 1 1 0 1 0 1 0 1 1 1 1 1 1 0 0 0 0 1 1 0 1 1 0 1 1 1 0 1 1 0 1 1 1 0 0 0 0 0 1 1 0 0 0 0 0 0 1 0 0 1 1 0 1 0 0 0 0 0 1 1 0 1 1 0 0 1 0 0 1 1 0 1 0 0 1 1 0 1 1 1 1 0 1 0 0 1 1 0 0 0 1 1 1 1 1 0 0 1 1 0 0 1 0 0 1 1 0 1 1 1 0 0 1 1 0 0 1 1 0 0 0 0 0 1 1 0 0 1 0 1 1 1 1 0 0 0 0 1 1 1 1 1 1 0 0 0 0 0 1 0 1 1 0 0 0 1 0 1 0 1 1 0 1 1 1 0 1
41 205 $2211  0 1 0 0 1 0 0 1 0 1 0 1 0 0 1 1 1 1 1 0 0 1 1 1 0 0 0 1 0 1 1 1 1 0 1 1 0 0 0 0 0 1 1 0 1 0 0 0 1 1 0 0 0 1 1 1 1 1 0 1 1 1 1 1 0 0 1 0 0 0 0 0 1 0 0 0 0 1 0 0 0 0 1 0 1 1 0 0 0 1 1 1 1 0 1 1 0 1 0 0 0 1 0 1 0 1 1 1 0 0 0 0 1 1 1 1 1 0 1 0 0 1 0 1 0 0 1 1 1 0 1 1 1 1 1 0 0 1 0 1 1 0 0 1 0 0 0 0 1 0 1 1 0 0 0 0 1 0 0 0 1 1 1 1 0 0 1 0 0 0 1 0 1 0 1 1 1 1 1 0 0 1 0 0 1 1 0 1 1 1 0 1 0 1 0 1 1 0 0 1 1 0 1 0 1
42 210 $2276  1 1 0 1 1 0 1 1 1 0 0 1 1 1 0 0 1 0 1 1 1 1 0 0 1 1 1 1 1 0 0 0 1 1 1 0 0 1 1 1 0 0 0 0 1 0 0 0 0 0 0 0 1 0 0 0 0 1 0 1 0 1 1 1 1 1 0 1 0 0 0 1 0 0 0 1 1 0 1 1 0 1 0 1 0 1 1 0 1 1 1 1 0 0 1 1 1 0 0 1 1 0 0 1 0 0 1 1 0 1 0 1 1 1 0 1 0 0 0 0 1 1 0 1 1 0 1 1 0 0 1 0 0 0 1 1 0 0 0 0 0 0 0 0 1 0 1 1 0 0 0 1 1 1 1 1 1 1 1 0 1 0 0 0 1 0 0 0 1 1 0 0 1 1 0 1 0 0 0 1 0 0 0 1 1 1 0 0 0 0 0 1 0 0 0 1 1 1 1 0 1 1 0 0 1 1 0 1 1 1
43 215 $2247  1 1 1 1 1 0 0 0 0 0 1 1 0 0 0 1 0 0 0 0 1 0 1 0 0 1 0 1 0 1 1 1 0 1 0 0 1 0 1 1 0 0 1 0 0 0 1 0 0 1 0 0 1 1 0 0 0 1 0 1 1 1 0 0 1 1 1 1 1 0 0 0 1 1 1 1 1 0 1 0 1 1 1 0 0 0 0 1 0 1 1 1 1 0 1 1 1 1 1 0 1 0 1 1 1 1 1 1 0 1 0 1 1 1 1 0 0 1 0 0 1 1 0 1 1 1 0 0 0 0 0 1 1 0 0 1 1 1 0 0 1 0 1 1 0 0 1 1 0 0 1 0 1 1 1 0 1 1 0 1 1 0 0 1 0 0 0 0 1 1 1 0 1 1 1 0 0 1 1 1 1 1 0 1 1 0 1 0 1 1 0 1 0 0 0 1 0 0 0 1 1 0 1 0 0 0 0 0 1 0 1 1 0 0 0
44 220 $2391  0 1 1 0 1 0 0 0 1 0 0 0 1 1 0 1 1 0 1 0 1 1 1 1 1 1 1 1 1 1 0 0 0 0 1 1 0 1 0 1 1 0 1 0 0 0 0 1 1 0 1 1 1 1 1 1 0 0 1 0 0 0 0 1 0 1 1 0 0 0 0 1 0 0 1 0 0 1 1 1 1 0 0 0 1 1 1 1 1 1 0 1 1 1 1 1 1 1 1 1 1 1 1 0 0 0 1 1 1 0 1 1 0 1 1 1 0 1 0 0 1 0 1 1 1 1 1 0 1 1 1 1 1 1 0 0 0 1 1 1 0 1 0 1 1 0 1 0 0 0 1 1 0 1 1 0 1 0 0 1 1 1 0 0 1 1 0 0 0 1 1 1 1 1 1 0 0 1 1 1 1 1 1 1 1 1 0 0 0 1 0 0 1 1 1 0 0 0 0 1 1 1 1 1 0 0 1 1 1 0 0 0 1 1 1 1 0 1 1 1
45 225 $2309  1 0 0 1 1 1 0 1 0 1 1 1 0 0 1 1 0 1 0 1 0 1 1 1 0 1 0 0 0 0 1 1 0 1 0 1 0 0 0 1 1 0 0 1 0 0 1 0 1 0 1 1 0 0 1 1 0 1 1 1 0 0 1 0 1 0 1 0 1 0 0 0 0 0 1 0 0 1 0 1 0 0 1 1 0 0 0 0 1 0 1 0 1 0 0 1 0 1 1 1 1 1 1 0 1 0 0 0 0 1 1 0 0 0 1 1 1 1 1 1 1 0 0 1 0 0 0 1 1 1 0 1 1 0 1 0 0 1 1 1 0 1 0 1 0 0 0 0 0 1 0 0 1 1 0 1 0 0 0 1 1 1 1 1 1 0 0 1 1 0 1 0 1 0 0 1 0 1 1 1 0 0 0 1 0 1 1 1 0 0 1 1 1 1 0 1 0 1 1 0 1 1 1 1 1 1 1 1 1 0 0 0 0 1 1 1 0 1 0 0 1 1 1 1 1
46 230 $2424  1 1 1 1 1 0 1 0 0 1 1 0 1 0 1 1 1 0 0 0 1 0 0 0 1 1 1 0 1 1 1 0 1 1 0 0 1 1 1 1 1 0 0 1 1 1 0 0 0 0 0 1 1 1 0 1 0 0 1 0 0 1 1 1 1 1 1 1 1 1 1 1 0 0 1 0 0 1 1 1 1 1 0 1 0 0 0 0 0 0 0 1 1 0 1 1 0 1 1 0 0 0 1 1 1 0 1 1 0 0 1 1 1 1 1 1 1 0 1 1 0 1 1 0 1 0 0 1 1 1 0 0 1 1 0 0 0 0 0 1 1 0 0 1 0 0 0 0 0 1 1 1 0 0 1 1 0 0 0 1 1 0 1 1 1 0 0 1 1 0 1 0 0 0 1 1 0 0 0 1 0 0 0 1 0 1 1 0 1 0 1 0 0 0 0 0 1 1 0 1 1 1 1 1 0 1 0 1 1 1 0 1 0 0 0 0 0 0 1 1 0 0 1 0 0 0 1 1 1 1
47 235 $2397  0 1 1 1 1 1 1 1 1 0 0 1 1 1 1 1 0 1 0 1 0 1 0 1 1 1 0 0 0 1 0 0 1 0 1 0 0 1 0 0 0 0 0 1 1 1 1 1 0 1 1 1 1 1 0 0 0 1 0 1 1 0 1 1 1 1 0 1 1 0 0 0 0 1 1 0 0 0 0 1 0 1 1 0 0 1 0 0 1 0 0 1 1 1 1 1 1 0 0 1 1 1 1 0 1 0 1 0 1 1 1 1 1 1 1 0 1 1 0 1 1 1 1 1 0 1 1 1 1 1 1 1 1 1 1 0 0 0 0 0 0 0 0 0 1 1 0 0 0 0 1 0 1 1 0 1 0 0 0 1 1 0 0 1 1 1 0 0 0 0 0 1 0 1 0 1 1 0 1 0 1 0 0 1 1 1 0 1 1 0 1 0 1 0 1 1 0 0 0 1 0 0 1 0 1 0 1 0 1 0 1 0 0 1 0 0 0 1 0 0 1 0 1 1 0 0 1 0 0 0 1 0 0 0 0
48 240 $2525  1 0 0 1 0 0 0 1 1 1 1 0 0 1 0 0 1 1 0 1 0 0 0 0 1 1 0 0 1 0 1 1 1 1 1 0 1 0 0 0 1 0 1 1 0 1 1 0 1 1 1 0 0 0 0 0 0 1 0 0 1 0 1 1 1 1 1 1 0 1 1 0 0 0 0 1 1 1 1 0 1 0 0 1 0 1 0 1 1 0 1 0 1 0 1 1 0 0 1 1 0 0 1 0 0 1 1 1 0 1 0 1 0 1 1 0 1 0 1 0 1 0 0 1 1 0 1 1 0 1 1 1 0 1 0 1 0 0 1 0 0 1 1 1 1 0 1 0 0 1 1 1 0 0 1 0 1 1 0 0 1 1 1 0 1 1 1 1 1 1 1 1 0 1 1 0 1 1 1 1 0 0 0 0 0 1 1 0 1 0 1 1 0 0 1 1 1 1 1 0 0 1 0 0 0 0 0 0 0 0 1 1 1 1 1 1 1 1 0 0 1 1 1 1 1 1 0 1 0 1 0 0 1 0 1 0 0 0 0 1
49 245 $2423  0 1 0 1 0 0 1 1 1 0 1 1 1 0 1 0 1 1 1 0 0 0 1 0 0 0 1 0 0 0 1 0 0 0 0 1 1 0 0 1 0 0 1 1 0 1 0 0 0 1 1 1 0 1 0 1 1 1 0 0 1 1 0 0 0 1 1 0 1 0 0 0 0 0 0 1 0 0 0 1 1 1 1 0 0 1 1 0 1 0 0 1 1 0 1 0 0 0 0 0 1 1 0 1 1 1 0 1 0 1 1 1 0 1 1 0 1 0 0 1 0 0 1 1 1 1 1 0 0 0 0 1 1 0 0 1 0 1 1 1 0 0 1 0 0 0 1 1 1 0 0 0 1 1 0 1 1 0 1 0 1 0 0 0 1 0 0 1 0 1 1 1 0 0 0 1 1 0 1 0 1 0 1 0 1 0 1 1 1 1 1 1 0 1 0 1 1 1 0 1 1 1 0 1 1 0 0 0 1 0 1 1 1 0 1 1 1 1 0 0 0 1 1 0 1 0 1 0 1 0 1 0 0 0 1 0 1 0 0 0 0 0 0 0 1
50 250 $2717  1 0 1 0 0 1 1 1 0 0 0 1 1 0 1 0 1 1 0 1 1 0 0 0 0 0 0 0 0 1 1 1 1 1 1 1 0 1 1 1 0 1 1 0 0 1 0 0 1 0 1 1 1 1 0 0 1 1 0 0 0 1 1 0 1 1 1 0 0 1 1 0 1 1 0 0 1 1 0 1 1 0 0 1 1 0 0 1 1 0 0 0 1 0 1 0 0 1 0 1 0 1 0 1 1 0 0 0 0 1 0 0 0 1 0 1 0 1 1 1 1 0 1 1 1 1 1 0 1 1 0 1 1 1 0 1 0 0 0 0 1 1 1 0 0 0 1 1 1 0 1 0 0 1 0 1 1 0 0 1 0 1 1 0 0 1 0 0 0 1 1 0 1 1 0 0 0 0 0 1 0 0 0 1 0 0 1 1 0 0 1 0 0 0 1 0 0 1 0 0 0 1 1 0 1 1 0 1 0 1 0 1 0 1 1 1 1 1 0 0 0 1 1 0 0 0 1 1 0 0 1 1 1 0 1 0 0 0 1 1 1 1 1 0 0 0 0 0 0 0
simulated_annealing: 				TotalTime: 31.9217		TotalValue: $68568 
